Object_Id  Timestamp Type Lat Lng 

0 0 newpoint 50.6370263 3.0649639
1 0 newpoint 50.6414831 3.0507189
2 0 newpoint 50.6179749 3.0725822
3 0 newpoint 50.6311825 3.0588986
4 0 newpoint 50.6348167 3.0852134
5 0 newpoint 50.6339445 3.0284857
6 0 newpoint 50.6160369 3.0391422
7 0 newpoint 50.6176181 3.0814814
8 0 newpoint 50.645974 3.0672086
9 0 newpoint 50.6270268 3.0673416
10 0 newpoint 50.6311825 3.0588986
11 0 newpoint 50.6430546 3.0648892
12 0 newpoint 50.6403367 3.0420372
13 0 newpoint 50.6181066 3.0815007
14 0 newpoint 50.6249149 3.0342875
15 0 newpoint 50.6220733 3.0656617
16 0 newpoint 50.6464638 3.0626701
17 0 newpoint 50.6445776 3.0305682
18 0 newpoint 50.6419919 3.0379365
19 0 newpoint 50.6340242 3.0821881
20 0 newpoint 50.6172418 3.0542731
21 0 newpoint 50.6414649 3.0576736
22 0 newpoint 50.6375513 3.0536454
23 0 newpoint 50.617528 3.0668369
24 0 newpoint 50.6336167 3.069689
25 0 newpoint 50.6325947 3.0675726
26 0 newpoint 50.6502968 3.0472091
27 0 newpoint 50.6182518 3.0303658
28 0 newpoint 50.6406061 3.0815579
29 0 newpoint 50.6213535 3.0444128
30 0 newpoint 50.6316441 3.0643786
31 0 newpoint 50.6198678 3.0348233
32 0 newpoint 50.6310866 3.0818228
33 0 newpoint 50.6367315 3.0356348
34 0 newpoint 50.6515252 3.0512378
35 0 newpoint 50.6477719 3.0792665
36 0 newpoint 50.623474 3.0291864
37 0 newpoint 50.6469281 3.0618769
38 0 newpoint 50.6209167 3.0821161
39 0 newpoint 50.6291178 3.0854041
40 0 newpoint 50.6418617 3.0714674
41 0 newpoint 50.6370263 3.0649639
42 0 newpoint 50.6459391 3.0717878
43 0 newpoint 50.6313731 3.078394
44 0 newpoint 50.6241786 3.058274
45 0 newpoint 50.6468799 3.0495856
46 0 newpoint 50.6447409 3.0544635
47 0 newpoint 50.6355789 3.0680912
48 0 newpoint 50.6393994 3.0750951
49 0 newpoint 50.6276826 3.0383536
0 1 point 50.6369713 3.0646518
1 1 point 50.6414091 3.0501275
2 1 point 50.6179259 3.0722237
3 1 point 50.6307998 3.057961
4 1 point 50.6346848 3.0848993
5 1 point 50.6335529 3.027786
6 1 point 50.6157823 3.0390566
7 1 point 50.6177293 3.0816407
8 1 point 50.645991 3.0670672
9 1 point 50.6270246 3.0664233
10 1 point 50.6307998 3.057961
11 1 point 50.6429877 3.0650233
12 1 point 50.6404525 3.0425302
13 1 point 50.6178486 3.0814111
14 1 point 50.6249883 3.0342136
15 1 point 50.621819 3.0656221
16 1 point 50.646466 3.0626851
17 1 point 50.6445822 3.0307447
18 1 point 50.6415136 3.0384028
19 1 point 50.6345379 3.0816973
20 1 point 50.6172712 3.0536505
21 1 point 50.6414445 3.0576095
22 1 point 50.637237 3.0540241
23 1 point 50.6176092 3.0668502
24 1 point 50.6336859 3.069665
25 1 disappearpoint 50.6322506 3.0674707
26 1 point 50.6502844 3.0473616
27 1 disappearpoint 50.6185518 3.0299523
28 1 point 50.6402671 3.0817314
29 1 point 50.6213183 3.044323
30 1 point 50.6316072 3.0649459
31 1 point 50.6198571 3.0347678
32 1 point 50.6318108 3.082111
33 1 point 50.6367775 3.0357269
34 1 point 50.6514502 3.0511361
35 1 point 50.6472768 3.0800213
36 1 point 50.623839 3.0290873
37 1 point 50.6469231 3.0618417
38 1 point 50.6206222 3.0818412
39 1 point 50.6290171 3.0853788
40 1 point 50.6419556 3.0715664
41 1 point 50.6369713 3.0646518
42 1 point 50.646136 3.0716886
43 1 point 50.6311835 3.0774226
44 1 point 50.6241722 3.0580588
45 1 point 50.6466736 3.0494742
46 1 point 50.6440767 3.0522919
47 1 point 50.6357581 3.068127
48 1 point 50.6395821 3.0755997
49 1 point 50.6277083 3.0384057
0 2 point 50.6368828 3.0643541
1 2 point 50.6413156 3.049406
2 2 point 50.6178757 3.0717616
3 2 point 50.6303304 3.0568085
4 2 point 50.6346106 3.0846941
5 2 point 50.6332606 3.0281841
6 2 point 50.6157884 3.0392403
7 2 point 50.6178322 3.0817397
8 2 point 50.6459849 3.0669129
9 2 disappearpoint 50.6278042 3.0664118
10 2 point 50.6303304 3.0568085
11 2 point 50.6429373 3.0651245
12 2 disappearpoint 50.6405094 3.0427849
13 2 point 50.6175804 3.0812577
14 2 point 50.6250537 3.0343628
15 2 point 50.6214619 3.0654214
16 2 point 50.6463755 3.0627169
17 2 point 50.6445498 3.0307675
18 2 point 50.641295 3.0384789
19 2 point 50.6362095 3.0800672
20 2 point 50.617284 3.0528454
21 2 point 50.6417351 3.057399
22 2 point 50.6370951 3.0541981
23 2 point 50.6176009 3.0666655
24 2 point 50.6338212 3.0696008
26 2 point 50.6502258 3.0476061
28 2 point 50.6403571 3.0812144
29 2 point 50.6212135 3.0439604
30 2 point 50.6317241 3.0650214
31 2 point 50.6198401 3.0347191
32 2 point 50.6313504 3.0820382
33 2 point 50.636809 3.0356113
34 2 point 50.6511283 3.0504147
35 2 point 50.6473908 3.0801703
36 2 point 50.6239477 3.0290655
37 2 point 50.6469376 3.0618365
38 2 point 50.6204118 3.0816984
39 2 point 50.629425 3.0846089
40 2 point 50.642175 3.0717977
41 2 point 50.6368828 3.0643541
42 2 point 50.6462635 3.0718184
43 2 point 50.6311582 3.077293
44 2 disappearpoint 50.624384 3.0579525
45 2 point 50.6465811 3.0494515
46 2 point 50.6449817 3.0511792
47 2 point 50.6359146 3.0681994
48 2 point 50.6395826 3.0757688
49 2 point 50.627747 3.0383572
0 3 point 50.6367321 3.0640029
1 3 point 50.6416859 3.0497509
2 3 point 50.6178673 3.0716842
3 3 point 50.6302835 3.0566899
4 3 point 50.6344912 3.0843089
5 3 point 50.6332412 3.0282274
6 3 point 50.6162512 3.0411953
7 3 point 50.6180927 3.0819304
8 3 point 50.6454743 3.0657106
10 3 point 50.6302835 3.0566899
11 3 point 50.6429588 3.065149
13 3 point 50.6173321 3.0810367
14 3 point 50.6255296 3.0354862
15 3 point 50.621453 3.0655616
16 3 point 50.6463729 3.0626986
17 3 point 50.6444516 3.0308363
18 3 point 50.641122 3.0384034
19 3 point 50.6367604 3.0795322
20 3 disappearpoint 50.6172813 3.0520085
21 3 point 50.6418096 3.0576542
22 3 point 50.636948 3.0542947
23 3 point 50.6175984 3.0664845
24 3 point 50.6338969 3.0695535
26 3 point 50.6501949 3.047777
28 3 point 50.6403804 3.0810808
29 3 point 50.6217113 3.0435984
30 3 point 50.6316688 3.0661502
31 3 point 50.6198181 3.0346848
32 3 point 50.6307497 3.0818963
33 3 point 50.6368717 3.0354501
34 3 point 50.6508938 3.0498777
35 3 point 50.6480594 3.0810443
36 3 point 50.624316 3.029006
37 3 point 50.6469131 3.0616637
38 3 point 50.6201173 3.0815635
39 3 point 50.6296125 3.0843791
40 3 point 50.6426459 3.0723609
41 3 point 50.6367321 3.0640029
42 3 disappearpoint 50.646299 3.0718744
43 3 point 50.6310543 3.0773414
45 3 point 50.6464847 3.0494745
46 3 point 50.644937 3.0510894
47 3 point 50.6360484 3.0682924
48 3 point 50.6407941 3.074638
49 3 point 50.6281723 3.0378241
0 4 point 50.6365447 3.0637127
1 4 point 50.6414091 3.0501275
2 4 point 50.6178735 3.0714916
3 4 point 50.6302675 3.0566492
4 4 point 50.6343277 3.0836601
5 4 point 50.6332348 3.0282583
6 4 point 50.615803 3.0414512
7 4 point 50.6183013 3.0819522
8 4 point 50.6453343 3.0653959
10 4 point 50.6302675 3.0566492
11 4 point 50.6427829 3.0655847
13 4 point 50.6169659 3.0806529
14 4 point 50.6254792 3.0355532
15 4 point 50.6217044 3.0657229
16 4 point 50.6462626 3.0627373
17 4 point 50.6443587 3.0308997
18 4 point 50.640931 3.0379221
19 4 point 50.6378349 3.0785166
21 4 point 50.6418851 3.0575975
22 4 point 50.6375836 3.0521406
23 4 point 50.6175718 3.0655567
24 4 point 50.6337167 3.0687144
26 4 point 50.6501724 3.0479302
28 4 point 50.6406061 3.0815579
29 4 point 50.6215017 3.042834
30 4 point 50.6315692 3.0661251
31 4 point 50.6197772 3.0346485
32 4 point 50.6302411 3.0818508
33 4 point 50.6369047 3.0353818
34 4 point 50.6507052 3.0493967
35 4 point 50.6477809 3.0812426
36 4 point 50.6246493 3.029034
37 4 point 50.6468036 3.0617021
38 4 point 50.6198503 3.0814833
39 4 point 50.6297864 3.0842335
40 4 point 50.6428377 3.072613
41 4 point 50.6365447 3.0637127
43 4 point 50.6303174 3.0777097
45 4 point 50.6468038 3.0493106
46 4 point 50.6448852 3.0509854
47 4 point 50.6361827 3.0683879
48 4 point 50.6408754 3.0745621
49 4 point 50.6282069 3.037781
0 5 point 50.6363683 3.0634969
1 5 point 50.6413156 3.049406
2 5 point 50.6178738 3.0713206
3 5 point 50.6302308 3.0565609
4 5 point 50.6342345 3.0830211
5 5 point 50.6332336 3.0282915
6 5 point 50.6156818 3.0409013
7 5 point 50.6185681 3.0819468
8 5 point 50.6451702 3.065027
10 5 point 50.6302104 3.0567558
11 5 point 50.6429499 3.0657763
13 5 point 50.617293 3.081067
14 5 point 50.6254501 3.0356398
15 5 disappearpoint 50.6219613 3.0658394
16 5 point 50.6462699 3.0627885
17 5 point 50.6420301 3.0326925
18 5 point 50.6407598 3.0376483
19 5 point 50.638012 3.0783492
21 5 point 50.6418302 3.0574175
22 5 point 50.6376132 3.0520066
23 5 point 50.6175001 3.0654362
24 5 point 50.6336757 3.0683498
26 5 point 50.6501556 3.0481887
28 5 point 50.6409103 3.0821496
29 5 point 50.6212364 3.0418937
30 5 point 50.6312684 3.0660967
31 5 point 50.6190267 3.0340233
32 5 point 50.6299379 3.0818466
33 5 point 50.6370235 3.0351761
34 5 point 50.6506244 3.0490737
35 5 point 50.647721 3.0812852
36 5 point 50.6250242 3.0293222
37 5 point 50.6468057 3.0617171
38 5 point 50.6193921 3.0814742
39 5 point 50.6299683 3.0841542
40 5 point 50.6429953 3.0726998
41 5 point 50.6363683 3.0634969
43 5 point 50.6297682 3.0779842
45 5 point 50.6473608 3.0489921
46 5 point 50.643151 3.0531233
47 5 point 50.6363236 3.0685491
48 5 point 50.6409668 3.0744768
49 5 point 50.6290289 3.036757
0 6 point 50.6361757 3.0633064
1 6 point 50.6416859 3.0497509
2 6 point 50.6176682 3.069309
3 6 point 50.6297193 3.0553298
4 6 point 50.6341979 3.0824658
5 6 point 50.6332396 3.028334
6 6 disappearpoint 50.6152772 3.0390723
7 6 point 50.6188664 3.0819384
8 6 point 50.6449609 3.0645484
10 6 point 50.6297631 3.0575914
11 6 point 50.6430148 3.0658508
13 6 point 50.6176181 3.0814814
14 6 point 50.6251252 3.0369951
16 6 point 50.6461751 3.0628218
17 6 point 50.6421885 3.0331202
18 6 point 50.6406821 3.0376231
19 6 point 50.6392476 3.0771596
21 6 point 50.6417864 3.0572677
22 6 point 50.6380857 3.0524897
23 6 point 50.6175121 3.0663202
24 6 point 50.6336575 3.067995
26 6 point 50.650179 3.0484249
28 6 point 50.6409673 3.0822605
29 6 point 50.6208043 3.0422547
30 6 point 50.6315054 3.0663975
31 6 point 50.6189644 3.0339714
32 6 point 50.6294831 3.0818906
33 6 point 50.6370924 3.0350677
34 6 point 50.6505576 3.0486551
35 6 point 50.6476078 3.0813815
36 6 point 50.6251235 3.0295648
37 6 point 50.6463728 3.0618689
38 6 point 50.6188268 3.0815071
39 6 point 50.6301547 3.0841055
40 6 point 50.6429846 3.0725371
41 6 point 50.6361757 3.0633064
43 6 point 50.6296439 3.0780463
45 6 point 50.6477149 3.0488131
46 6 point 50.6430604 3.0532053
47 6 point 50.6364518 3.0687127
48 6 point 50.641527 3.0739539
49 6 point 50.6290023 3.0367052
0 7 point 50.6359544 3.0631118
1 7 point 50.6418157 3.0498636
2 7 point 50.6176153 3.0675972
3 7 point 50.6295826 3.0550133
4 7 point 50.6341974 3.0821745
5 7 point 50.6332576 3.0283804
7 7 point 50.6196287 3.0818748
8 7 point 50.6449127 3.0646364
10 7 point 50.6293843 3.058313
11 7 point 50.6430488 3.0658945
13 7 point 50.6177293 3.0816407
14 7 point 50.6249074 3.0379176
16 7 point 50.6460782 3.0621379
17 7 point 50.6423621 3.0333998
18 7 point 50.6406048 3.0377144
19 7 point 50.6393567 3.0770495
21 7 point 50.6417794 3.0572582
22 7 point 50.6381539 3.0525547
23 7 point 50.6175984 3.0664845
24 7 point 50.63371 3.0679834
26 7 point 50.6502425 3.0486444
28 7 point 50.6413066 3.0831309
29 7 point 50.6207418 3.0423024
30 7 point 50.6315507 3.066455
31 7 point 50.618846 3.0344522
32 7 point 50.6287635 3.0820622
33 7 point 50.6371961 3.034939
34 7 point 50.6505235 3.0481246
35 7 point 50.647249 3.0817049
36 7 point 50.6251883 3.0297221
37 7 point 50.6463683 3.061837
38 7 point 50.6184291 3.0815208
39 7 point 50.6305555 3.0840111
40 7 point 50.6430029 3.0723926
41 7 point 50.6359544 3.0631118
43 7 point 50.6296468 3.0779827
45 7 point 50.6480187 3.0486717
46 7 point 50.6429913 3.0532404
47 7 point 50.6365761 3.0689313
48 7 point 50.6419308 3.073577
49 7 point 50.6288729 3.0364532
0 8 point 50.6353798 3.0628416
1 8 point 50.6419638 3.0500289
2 8 point 50.617605 3.0669985
3 8 point 50.629513 3.0550665
4 8 point 50.6343791 3.0826587
5 8 point 50.6332828 3.0284557
7 8 point 50.6199564 3.081856
8 8 point 50.6447789 3.0649182
10 8 point 50.6294209 3.0583517
11 8 point 50.6430229 3.0659516
13 8 point 50.6178322 3.0817397
14 8 point 50.6247341 3.0387601
16 8 point 50.6459749 3.0621741
17 8 point 50.6425201 3.0335896
18 8 point 50.6403812 3.0383045
19 8 point 50.6392899 3.0771898
21 8 point 50.6417701 3.0572511
22 8 point 50.6382321 3.0526407
23 8 point 50.6175718 3.0655567
24 8 point 50.6341603 3.067857
26 8 point 50.6507348 3.0497813
28 8 point 50.64137 3.0833256
29 8 point 50.6208192 3.0425749
30 8 point 50.6316708 3.0666001
31 8 point 50.6187362 3.0348977
32 8 point 50.6282622 3.0822751
33 8 point 50.6373295 3.0348208
34 8 point 50.6504969 3.0475809
35 8 point 50.6472095 3.0817296
36 8 point 50.6252864 3.0299487
37 8 disappearpoint 50.6462951 3.0618627
38 8 point 50.6181066 3.0815007
39 8 point 50.6305562 3.0840999
40 8 point 50.643056 3.0722419
41 8 point 50.6353798 3.0628416
43 8 point 50.6296411 3.07793
45 8 point 50.6481129 3.0486745
46 8 point 50.6429056 3.0532511
47 8 point 50.6366692 3.0691398
48 8 point 50.6419707 3.0735434
49 8 point 50.6287504 3.0362145
0 9 point 50.6341751 3.0620884
1 9 point 50.6420984 3.0496407
2 9 point 50.6176092 3.0668502
3 9 point 50.6285844 3.0557967
4 9 point 50.6344767 3.0828757
5 9 point 50.6332873 3.0284874
7 9 point 50.6201236 3.0819459
8 9 point 50.6445992 3.0646946
10 9 point 50.6310622 3.0606143
11 9 point 50.6431776 3.0661301
13 9 point 50.6180927 3.0819304
14 9 point 50.6251225 3.0391537
16 9 point 50.6459938 3.0623076
17 9 point 50.6427404 3.0337414
18 9 point 50.640266 3.0384873
19 9 point 50.639269 3.077215
21 9 point 50.6417625 3.0572511
22 9 point 50.6383153 3.0527269
23 9 point 50.6175475 3.0637461
24 9 point 50.6342194 3.0678392
26 9 point 50.6510586 3.0504685
28 9 point 50.640196 3.0837794
29 9 point 50.6208955 3.0428477
30 9 point 50.6317049 3.0667717
31 9 point 50.6188509 3.0349724
32 9 point 50.6271831 3.0828751
33 9 point 50.6372661 3.0349474
34 9 point 50.6504753 3.0473127
35 9 point 50.6471613 3.0817569
36 9 point 50.6253497 3.0301086
38 9 point 50.6178486 3.0814111
39 9 point 50.6305472 3.0852283
40 9 point 50.6431747 3.0720948
41 9 point 50.6341751 3.0620884
43 9 point 50.6296301 3.077886
45 9 point 50.6482086 3.0487176
46 9 point 50.6426993 3.0532693
47 9 point 50.6367362 3.0693247
48 9 point 50.6419735 3.0736489
49 9 point 50.6284593 3.0358645
0 10 point 50.6337045 3.0618127
1 10 point 50.6421528 3.0496407
2 10 point 50.617528 3.0668369
3 10 point 50.6284527 3.0559312
4 10 point 50.6346097 3.0831746
5 10 point 50.6332804 3.028516
7 10 point 50.6202499 3.0821211
8 10 point 50.6444644 3.0645271
10 10 point 50.6315179 3.0597398
11 10 disappearpoint 50.6432377 3.0660072
13 10 point 50.6183013 3.0819522
14 10 point 50.6258302 3.0399189
16 10 point 50.6459311 3.0623295
17 10 point 50.6429048 3.0338101
18 10 point 50.6400959 3.0385852
19 10 point 50.6386786 3.0779258
21 10 point 50.6417525 3.0572527
22 10 point 50.6383926 3.0528051
23 10 point 50.6175464 3.0636344
24 10 point 50.6342761 3.0677051
26 10 point 50.6514308 3.0512626
28 10 point 50.6401672 3.0824277
29 10 point 50.6209685 3.0431108
30 10 point 50.6319365 3.0678892
31 10 point 50.6190775 3.0351203
32 10 point 50.627473 3.0826191
33 10 point 50.6371619 3.0350865
34 10 point 50.6504514 3.0470768
35 10 point 50.6470609 3.0818179
36 10 point 50.6254406 3.0302474
38 10 point 50.6175804 3.0812577
39 10 point 50.6305467 3.0852889
40 10 point 50.6433225 3.0720469
41 10 point 50.6337045 3.0618127
43 10 point 50.6296126 3.0778434
45 10 point 50.6482844 3.0487847
46 10 point 50.6419683 3.0533383
47 10 point 50.6367944 3.0695433
48 10 point 50.6419509 3.0737224
49 10 point 50.628389 3.03578
0 11 point 50.6332655 3.0615927
1 11 point 50.6422106 3.0495388
2 11 point 50.6170765 3.0668329
3 11 point 50.6283929 3.0559827
4 11 point 50.6346623 3.0833386
5 11 point 50.6332663 3.0285491
7 11 point 50.6203347 3.0822923
8 11 point 50.6438155 3.065763
10 11 point 50.6311825 3.0588986
13 11 point 50.6185681 3.0819468
14 11 point 50.6258386 3.0399271
16 11 point 50.6459123 3.0621966
17 11 point 50.6430436 3.0338419
18 11 point 50.6399261 3.0385834
19 11 point 50.6380209 3.0785705
21 11 point 50.6417414 3.0572202
22 11 point 50.6384323 3.0527113
23 11 point 50.6175346 3.0635568
24 11 point 50.6342188 3.0675626
26 11 disappearpoint 50.6514817 3.0513447
28 11 point 50.6402671 3.0817314
29 11 point 50.6210489 3.0434054
30 11 point 50.6319848 3.0678781
31 11 point 50.6191854 3.0351906
32 11 point 50.6279156 3.0823683
33 11 point 50.6370815 3.0352148
34 11 point 50.6503919 3.0468392
35 11 point 50.6468525 3.0819584
36 11 point 50.6257257 3.0304938
38 11 point 50.6173321 3.0810367
39 11 point 50.630541 3.0859583
40 11 point 50.6434417 3.0720879
41 11 point 50.6332655 3.0615927
43 11 point 50.6297207 3.0777868
45 11 point 50.6483581 3.0489034
46 11 point 50.641796 3.0533565
47 11 point 50.6368786 3.0698044
48 11 point 50.6411786 3.0744553
49 11 point 50.628179 3.0359525
0 12 point 50.6328026 3.0614069
1 12 point 50.6422753 3.0491579
2 12 disappearpoint 50.616617 3.0668424
3 12 point 50.6275131 3.05668
4 12 point 50.6347563 3.0832207
5 12 point 50.6327996 3.0290002
7 12 point 50.6204427 3.0827673
8 12 point 50.6436509 3.0660919
10 12 point 50.6319949 3.057578
13 12 point 50.6188664 3.0819384
14 12 point 50.6260863 3.0401665
16 12 point 50.6458171 3.06223
17 12 point 50.6432513 3.033831
18 12 point 50.6397714 3.0384715
19 12 point 50.6362706 3.0802247
21 12 point 50.6417329 3.0571902
22 12 point 50.6383602 3.0526357
23 12 point 50.6174154 3.0634846
24 12 point 50.6337764 3.0666118
28 12 point 50.6406061 3.0815579
29 12 point 50.621175 3.0438402
30 12 point 50.6320004 3.0678419
31 12 point 50.6192001 3.0352001
32 12 point 50.6284436 3.0820831
33 12 point 50.6370008 3.0353617
34 12 point 50.6503027 3.0466076
35 12 point 50.646821 3.0819576
36 12 point 50.6241274 3.0321408
38 12 point 50.6169659 3.0806529
39 12 point 50.6305405 3.0860155
40 12 point 50.6435515 3.0722077
41 12 point 50.6328026 3.0614069
43 12 point 50.6297665 3.0777628
45 12 point 50.6484248 3.0490786
46 12 point 50.6398358 3.0535636
47 12 point 50.6369575 3.0700497
48 12 point 50.6410734 3.0744763
49 12 point 50.6282202 3.0356923
0 13 point 50.6324191 3.0612482
1 13 point 50.6424443 3.0482814
3 13 point 50.6274461 3.0567066
4 13 point 50.6346097 3.0831746
5 13 point 50.6323599 3.0294253
7 13 point 50.62041 3.082385
8 13 point 50.6443286 3.0669272
10 13 point 50.6323486 3.058122
13 13 point 50.6196287 3.0818748
14 13 point 50.6261013 3.0401837
16 13 point 50.6458193 3.0622455
17 13 point 50.6434013 3.0337912
18 13 point 50.639445 3.0382636
19 13 point 50.6359982 3.0805095
21 13 point 50.6416833 3.0572273
22 13 point 50.6382804 3.0525505
23 13 point 50.6172238 3.0633478
24 13 point 50.633716 3.0664716
28 13 point 50.6409103 3.0821496
29 13 point 50.6212135 3.0439604
30 13 point 50.6320512 3.0676943
31 13 point 50.6192911 3.0352595
32 13 point 50.6298852 3.0813408
33 13 point 50.63694 3.0354861
34 13 point 50.6502041 3.046414
35 13 point 50.645992 3.0823083
36 13 point 50.6238748 3.0315466
38 13 point 50.617293 3.081067
39 13 point 50.6304927 3.0860212
40 13 point 50.6436049 3.0723253
41 13 point 50.6324191 3.0612482
43 13 point 50.6309321 3.0771674
45 13 point 50.6484469 3.0492735
46 13 point 50.6398408 3.0536812
47 13 point 50.6370777 3.0703788
48 13 point 50.6409668 3.0744768
49 13 point 50.6282215 3.0354216
0 14 point 50.6320379 3.0610901
1 14 disappearpoint 50.6425236 3.0478007
3 14 point 50.6276375 3.0575759
4 14 point 50.6346623 3.0833386
5 14 point 50.6322297 3.0290779
7 14 point 50.6203402 3.0821302
8 14 point 50.6443587 3.0668769
10 14 point 50.6330421 3.0592617
13 14 point 50.6199564 3.081856
14 14 point 50.6261739 3.0402671
16 14 point 50.6458099 3.0622649
17 14 point 50.6435684 3.033729
18 14 point 50.6394962 3.0378628
19 14 point 50.6359091 3.0806499
21 14 point 50.6416807 3.0572185
22 14 point 50.6381941 3.0524593
23 14 point 50.6170894 3.0632638
24 14 point 50.6336807 3.0663932
28 14 disappearpoint 50.6418641 3.0816436
29 14 point 50.6213183 3.044323
30 14 point 50.6318352 3.0667232
31 14 point 50.6193714 3.0353121
32 14 point 50.6308305 3.081159
33 14 point 50.6368997 3.035581
34 14 point 50.6500927 3.0462599
35 14 point 50.6458383 3.0823733
36 14 point 50.6236381 3.0317845
38 14 point 50.6176181 3.0814814
39 14 point 50.6296373 3.0861239
40 14 point 50.6436334 3.0724462
41 14 point 50.6320379 3.0610901
43 14 point 50.6308611 3.0770005
45 14 point 50.6484405 3.0494659
46 14 point 50.6394076 3.0536941
47 14 point 50.637216 3.0707093
48 14 point 50.6408754 3.0745621
49 14 point 50.6281895 3.0353253
0 15 point 50.6318587 3.0609956
3 15 point 50.62764 3.0577357
4 15 point 50.6343277 3.0836601
5 15 point 50.6321209 3.0287875
7 15 point 50.620263 3.0819719
8 15 point 50.6443884 3.0668274
10 15 point 50.633161 3.0593675
13 15 point 50.6201236 3.0819459
14 15 point 50.6262096 3.040279
16 15 point 50.6457972 3.0622684
17 15 point 50.6436503 3.0336707
18 15 point 50.6394927 3.0375966
19 15 point 50.6358243 3.0808346
21 15 point 50.6415326 3.0573248
22 15 point 50.6381313 3.0523948
23 15 point 50.6166429 3.0630625
24 15 point 50.63342 3.0657844
29 15 point 50.6213535 3.0444128
30 15 point 50.6317419 3.066693
31 15 point 50.6189545 3.0368776
32 15 point 50.6311214 3.0811329
33 15 point 50.6368566 3.0356894
34 15 point 50.6499688 3.0461121
35 15 point 50.645526 3.0825054
36 15 point 50.6230979 3.0304917
38 15 point 50.6177293 3.0816407
39 15 point 50.6296976 3.0869303
40 15 point 50.6436367 3.0724705
41 15 point 50.6318587 3.0609956
43 15 point 50.6304466 3.0772178
45 15 point 50.6484099 3.0496309
46 15 point 50.6392608 3.053647
47 15 point 50.6373662 3.0710791
48 15 point 50.6407941 3.074638
49 15 point 50.6278077 3.0341772
0 16 point 50.6316357 3.0608677
3 16 point 50.627512 3.0578288
4 16 point 50.6344327 3.0833605
5 16 point 50.6318471 3.0281033
7 16 point 50.6201357 3.0818191
8 16 point 50.6445022 3.0666009
10 16 point 50.6330881 3.0595019
13 16 point 50.6202499 3.0821211
14 16 point 50.6262325 3.040288
16 16 point 50.6457893 3.0622606
17 16 point 50.6436514 3.0337291
18 16 point 50.639521 3.0372934
19 16 point 50.635786 3.0810008
21 16 point 50.6414332 3.056992
22 16 point 50.6375044 3.0517433
23 16 point 50.6166278 3.0631956
24 16 point 50.6330713 3.0649751
29 16 point 50.6216439 3.0442079
30 16 point 50.6317049 3.0667717
31 16 point 50.6188861 3.0369812
32 16 point 50.6315417 3.0812113
33 16 point 50.6367928 3.0357326
34 16 point 50.6497994 3.0459487
35 16 point 50.6447749 3.0828352
36 16 point 50.6233262 3.0302561
38 16 point 50.6178322 3.0817397
39 16 point 50.6305145 3.0868305
40 16 point 50.6436411 3.0726088
41 16 point 50.6316357 3.0608677
43 16 point 50.6300771 3.0773877
45 16 point 50.6483706 3.0497286
46 16 point 50.639042 3.0534945
47 16 point 50.6375212 3.0714351
48 16 point 50.6395826 3.0757688
49 16 point 50.6278699 3.0335689
0 17 point 50.6315985 3.0608463
3 17 point 50.6260306 3.058912
4 17 point 50.6344789 3.0830936
5 17 point 50.6311508 3.028853
7 17 point 50.6199529 3.08171
8 17 point 50.644829 3.0659505
10 17 point 50.6324556 3.060586
13 17 point 50.6203347 3.0822923
14 17 point 50.6262099 3.0403161
16 17 point 50.6457869 3.0622414
17 17 point 50.6436572 3.0337876
18 17 point 50.6396005 3.0371527
19 17 point 50.6357517 3.081289
21 17 point 50.6412918 3.0570947
22 17 point 50.6374028 3.0516286
23 17 point 50.6165615 3.0639415
24 17 point 50.6330102 3.0648312
29 17 point 50.6218448 3.0440662
30 17 point 50.6316708 3.0666001
31 17 point 50.6188018 3.0376244
32 17 point 50.6315681 3.0812042
33 17 point 50.6367224 3.0357585
34 17 point 50.6496517 3.0458554
35 17 point 50.6437688 3.0832368
36 17 point 50.6237671 3.0312932
38 17 point 50.6180927 3.0819304
39 17 point 50.6305386 3.0868276
40 17 point 50.6436163 3.0727676
41 17 point 50.6315985 3.0608463
43 17 point 50.6300391 3.0772402
45 17 point 50.648314 3.0498279
46 17 point 50.6386123 3.0530291
47 17 point 50.6392683 3.0763627
48 17 point 50.6395821 3.0755997
49 17 point 50.6276775 3.0335181
0 18 point 50.6312418 3.060646
3 18 point 50.6252323 3.0593426
4 18 point 50.6344767 3.0828757
5 18 point 50.6311012 3.0289048
7 18 point 50.6196594 3.0817161
8 18 point 50.6449709 3.0661215
10 18 point 50.6323396 3.0608305
13 18 point 50.6204427 3.0827673
14 18 point 50.6262518 3.0403634
16 18 point 50.6457161 3.0622662
17 18 point 50.6436407 3.0338367
18 18 point 50.6396841 3.0370811
19 18 point 50.635732 3.0815315
21 18 point 50.6414445 3.0576095
22 18 point 50.6373365 3.0515754
23 18 point 50.6164025 3.0655424
24 18 point 50.6326612 3.0639444
29 18 point 50.6221488 3.0451048
30 18 point 50.6316627 3.0664824
31 18 point 50.6187134 3.0387933
32 18 point 50.631691 3.0811061
33 18 point 50.6366693 3.0357591
34 18 point 50.6494907 3.0457961
35 18 point 50.6427593 3.0836335
36 18 point 50.6237771 3.0313168
38 18 point 50.6183013 3.0819522
39 18 point 50.6305405 3.0860155
40 18 point 50.6435301 3.0729558
41 18 point 50.6312418 3.060646
43 18 point 50.6299742 3.0770469
45 18 point 50.6482518 3.0499071
46 18 point 50.6386443 3.0531843
47 18 point 50.6395005 3.0772967
48 18 point 50.6393994 3.0750951
49 18 point 50.6271906 3.0330115
0 19 point 50.6311513 3.0605841
3 19 point 50.6250915 3.0594146
4 19 point 50.6343791 3.0826587
5 19 point 50.6313589 3.0295245
7 19 point 50.6191106 3.0817148
8 19 point 50.6452695 3.0655036
10 19 point 50.6323937 3.0608902
13 19 point 50.62041 3.082385
14 19 point 50.626269 3.0403828
16 19 point 50.645692 3.0620961
17 19 point 50.6434071 3.0342643
18 19 point 50.6398034 3.0370743
19 19 point 50.6357114 3.0817368
21 19 point 50.6417351 3.057399
22 19 point 50.6372556 3.0514927
23 19 point 50.6163454 3.0661998
24 19 point 50.6325916 3.0637753
29 19 point 50.622191 3.0452524
30 19 point 50.6316618 3.0663455
31 19 point 50.6186998 3.0389736
32 19 point 50.631745 3.0810489
33 19 point 50.6366017 3.0357451
34 19 point 50.6491686 3.0457226
35 19 point 50.6416139 3.0840836
36 19 point 50.6241036 3.0309567
38 19 point 50.6185681 3.0819468
39 19 point 50.6304927 3.0860212
40 19 point 50.6434463 3.0730401
41 19 point 50.6311513 3.0605841
43 19 point 50.6296643 3.0768988
45 19 point 50.6481656 3.0499779
46 19 point 50.6390131 3.0535738
47 19 point 50.6396648 3.0781304
48 19 point 50.6393476 3.074952
49 19 point 50.6270584 3.0328828
0 20 point 50.6310689 3.0605328
3 20 point 50.6250179 3.0594522
4 20 point 50.6341974 3.0821745
5 20 point 50.6313832 3.0295304
7 20 point 50.6188506 3.0817246
8 20 point 50.6453343 3.0653959
10 20 point 50.63272 3.0613218
13 20 point 50.6203402 3.0821302
14 20 point 50.6264385 3.0405504
16 20 point 50.6457982 3.0620589
17 20 point 50.6432518 3.0345914
18 20 point 50.6398785 3.0371226
19 20 point 50.6365642 3.08217
21 20 point 50.6418096 3.0576542
22 20 point 50.63645 3.0506751
23 20 point 50.6163015 3.0678379
24 20 point 50.6323937 3.0639194
29 20 point 50.6225544 3.0447879
30 20 point 50.6316688 3.0661502
31 20 point 50.618651 3.0393162
32 20 point 50.6317926 3.0809851
33 20 point 50.6364834 3.0356628
34 20 point 50.6489716 3.0456442
35 20 point 50.6415479 3.0838714
36 20 point 50.6243201 3.030912
38 20 point 50.6188664 3.0819384
39 20 point 50.6296373 3.0861239
40 20 point 50.6433589 3.0730795
41 20 point 50.6310689 3.0605328
43 20 point 50.6294856 3.0768525
45 20 point 50.6480201 3.0500194
46 20 point 50.6391523 3.0537025
47 20 point 50.6398028 3.0788794
48 20 point 50.6391919 3.0745739
49 20 point 50.6268466 3.0323697
0 21 point 50.6310032 3.0604666
3 21 point 50.6250172 3.0595705
4 21 point 50.6341898 3.0815748
5 21 point 50.6321209 3.0287875
7 21 point 50.6186607 3.0817523
8 21 point 50.6451702 3.065027
10 21 point 50.6328014 3.0613645
13 21 point 50.620263 3.0819719
14 21 point 50.6263382 3.0405397
16 21 point 50.6458003 3.0620738
17 21 point 50.6432137 3.0347678
18 21 point 50.6399506 3.037216
19 21 point 50.6367654 3.0822905
21 21 point 50.6418851 3.0575975
22 21 point 50.6362831 3.0505072
23 21 point 50.6162729 3.065989
24 21 point 50.632382 3.0638805
29 21 point 50.6226237 3.0447054
30 21 point 50.6317241 3.0650214
31 21 point 50.6184824 3.0399593
32 21 point 50.6318267 3.0808993
33 21 point 50.6365677 3.0356129
34 21 point 50.6488425 3.0455599
35 21 point 50.64137 3.0833256
36 21 point 50.6243678 3.0309019
38 21 point 50.6196287 3.0818748
39 21 point 50.6296976 3.0869303
40 21 point 50.64346 3.0732306
41 21 point 50.6310032 3.0604666
43 21 point 50.6293508 3.0769212
45 21 point 50.648113 3.0500467
46 21 point 50.6392437 3.0537589
47 21 point 50.639998 3.0797674
48 21 point 50.6386544 3.073402
49 21 point 50.6268016 3.0322585
0 22 point 50.6309001 3.0603601
3 22 point 50.6250213 3.061195
4 22 point 50.6342008 3.0811505
5 22 point 50.6322297 3.0290779
7 22 point 50.6182551 3.0817511
8 22 point 50.6453329 3.0648325
10 22 point 50.6328842 3.06125
13 22 point 50.6201357 3.0818191
14 22 point 50.6264654 3.0406214
16 22 point 50.6462324 3.0619223
17 22 point 50.6432759 3.0351317
18 22 point 50.6401319 3.0372078
19 22 point 50.6365469 3.0832374
21 22 point 50.6418302 3.0574175
22 22 point 50.6361491 3.0503724
23 22 point 50.6162723 3.0643299
24 22 point 50.6323281 3.0637002
29 22 point 50.6226402 3.0447553
30 22 point 50.6317232 3.0649177
31 22 point 50.6183449 3.0405675
32 22 point 50.6318314 3.0808398
33 22 point 50.6366464 3.0356063
34 22 point 50.6486934 3.0454433
35 22 point 50.640196 3.0837794
36 22 point 50.6245115 3.0307537
38 22 point 50.6199564 3.081856
39 22 point 50.6305145 3.0868305
40 22 point 50.6436098 3.0733908
41 22 point 50.6309001 3.0603601
43 22 point 50.6293252 3.0769386
45 22 point 50.6482084 3.0500123
46 22 point 50.6394019 3.0538042
47 22 point 50.6403772 3.0810304
48 22 point 50.6380582 3.0721209
49 22 point 50.6265306 3.0325499
0 23 point 50.6306595 3.0600669
3 23 point 50.6250215 3.0612964
4 23 point 50.6342329 3.0807764
5 23 point 50.6323599 3.0294253
7 23 point 50.6186569 3.0816615
8 23 point 50.6457872 3.0642893
10 23 point 50.6331829 3.0608342
13 23 point 50.6199529 3.08171
14 23 point 50.6264835 3.0406249
16 23 disappearpoint 50.6462273 3.0618864
17 23 point 50.6432992 3.035213
18 23 point 50.6403124 3.037196
19 23 point 50.6374069 3.0836989
21 23 point 50.6417864 3.0572677
22 23 point 50.634598 3.048759
23 23 point 50.6163025 3.0637295
24 23 point 50.6323086 3.0636349
29 23 point 50.6225752 3.0448427
30 23 point 50.6317416 3.064424
31 23 point 50.6181631 3.0414414
32 23 point 50.631779 3.0809368
33 23 point 50.6367315 3.0356348
34 23 point 50.6485598 3.0453052
35 23 point 50.6402099 3.0844324
36 23 disappearpoint 50.6243268 3.0303142
38 23 point 50.6201236 3.0819459
39 23 point 50.6305386 3.0868276
40 23 point 50.6437555 3.0737147
41 23 point 50.6306595 3.0600669
43 23 point 50.6293569 3.0771376
45 23 point 50.6483 3.0499507
46 23 point 50.6398448 3.0537738
47 23 point 50.640617 3.0815898
48 23 point 50.63772 3.0713941
49 23 point 50.6262138 3.032909
0 24 point 50.6304277 3.0597816
3 24 point 50.6250782 3.0612941
4 24 point 50.6342863 3.0804191
5 24 point 50.6324746 3.0297311
7 24 point 50.6190296 3.0816255
8 24 point 50.6456332 3.0639215
10 24 point 50.6334552 3.0613786
13 24 point 50.6196594 3.0817161
14 24 point 50.6265423 3.0406361
17 24 point 50.6430127 3.0354373
18 24 point 50.640781 3.0371638
19 24 point 50.6374939 3.0826706
21 24 point 50.6417794 3.0572582
22 24 point 50.6345404 3.0486992
23 24 point 50.6163351 3.063074
24 24 disappearpoint 50.632015 3.0639129
29 24 point 50.6225307 3.0448974
30 24 point 50.631687 3.0643088
31 24 point 50.618061 3.0421545
32 24 point 50.6317275 3.0809994
33 24 point 50.6367775 3.0357269
34 24 point 50.6483624 3.0449633
35 24 point 50.6396025 3.0844052
38 24 point 50.6202499 3.0821211
39 24 point 50.6305405 3.0860155
40 24 point 50.6438676 3.0742099
41 24 point 50.6304277 3.0597816
43 24 point 50.6293242 3.0772207
45 24 point 50.6484261 3.0498716
46 24 point 50.6398662 3.0543237
47 24 point 50.640929 3.0821746
48 24 point 50.6375956 3.0712841
49 24 point 50.6249883 3.0342136
0 25 point 50.6302181 3.0595242
3 25 point 50.6260477 3.0612552
4 25 point 50.6343864 3.0800273
5 25 point 50.6323311 3.0298769
7 25 point 50.6194103 3.081568
8 25 point 50.6455821 3.0638371
10 25 point 50.6334863 3.0614701
13 25 point 50.6191106 3.0817148
14 25 point 50.62651 3.0405765
17 25 disappearpoint 50.6427978 3.0367624
18 25 point 50.6411435 3.03716
19 25 point 50.637162 3.0824925
21 25 point 50.6417701 3.0572511
22 25 point 50.634529 3.0486873
23 25 point 50.6164283 3.0619332
29 25 point 50.6225456 3.0450232
30 25 point 50.6316441 3.0643786
31 25 point 50.6180211 3.0430629
32 25 point 50.6316633 3.0810226
33 25 point 50.6367418 3.0358496
34 25 point 50.6483089 3.0447365
35 25 point 50.6386964 3.0844311
38 25 point 50.6203347 3.0822923
39 25 point 50.630541 3.0859583
40 25 point 50.6438901 3.0743095
41 25 point 50.6302181 3.0595242
43 25 point 50.6290839 3.0756738
45 25 point 50.6485313 3.0498572
46 25 point 50.6384649 3.0542671
47 25 point 50.6412316 3.0829985
48 25 point 50.6375038 3.0713014
49 25 point 50.6250537 3.0343628
0 26 point 50.6300806 3.0593361
3 26 point 50.6260407 3.0590765
4 26 point 50.6345356 3.0797029
5 26 point 50.6322626 3.0298685
7 26 point 50.619823 3.0815594
8 26 disappearpoint 50.6455737 3.0638228
10 26 point 50.633504 3.0615853
13 26 point 50.6188506 3.0817246
14 26 point 50.626498 3.0405543
18 26 point 50.6415274 3.0372101
19 26 point 50.6367654 3.0822905
21 26 point 50.6417625 3.0572511
22 26 point 50.6345071 3.048666
23 26 point 50.6165442 3.0608799
29 26 point 50.6225547 3.0451787
30 26 point 50.6314241 3.0647365
31 26 point 50.6179413 3.044056
32 26 point 50.6316123 3.0809958
33 26 point 50.6367292 3.0359346
34 26 point 50.648283 3.0450218
35 26 point 50.6386874 3.086605
38 26 point 50.6204427 3.0827673
39 26 point 50.6305467 3.0852889
40 26 point 50.6439103 3.0743989
41 26 point 50.6300806 3.0593361
43 26 point 50.6290801 3.0756378
45 26 point 50.6486435 3.049876
46 26 point 50.6384502 3.0539764
47 26 point 50.6415629 3.0839325
48 26 point 50.6373318 3.0714861
49 26 point 50.6255296 3.0354862
0 27 point 50.6299593 3.0591483
3 27 point 50.6260306 3.058912
4 27 point 50.6345271 3.0794962
5 27 point 50.6322095 3.0298027
7 27 point 50.6201464 3.0816453
10 27 point 50.6334152 3.0615618
13 27 point 50.6186607 3.0817523
14 27 point 50.626299 3.0403518
18 27 point 50.6420059 3.0373252
19 27 point 50.6365469 3.0832374
21 27 point 50.6417525 3.0572527
22 27 point 50.6346782 3.0483036
23 27 point 50.6168283 3.0585619
29 27 point 50.6222878 3.0455044
30 27 point 50.6309763 3.0641313
31 27 point 50.6178925 3.0445034
32 27 point 50.6315692 3.0809492
33 27 point 50.636731 3.0360145
34 27 point 50.6481282 3.0447287
35 27 point 50.6384424 3.0865728
38 27 point 50.6205547 3.0836646
39 27 point 50.6305472 3.0852283
40 27 point 50.6431757 3.0740593
41 27 point 50.6299593 3.0591483
43 27 point 50.6290553 3.0754654
45 27 point 50.6487806 3.0499581
46 27 point 50.638142 3.0540163
47 27 point 50.6418035 3.0848248
48 27 point 50.6372328 3.0715925
49 27 point 50.6254792 3.0355532
0 28 point 50.6298678 3.0589805
3 28 point 50.6252323 3.0593426
4 28 point 50.6345438 3.0792881
5 28 point 50.632119 3.0295838
7 28 point 50.6204527 3.0817955
10 28 point 50.6330135 3.0614517
13 28 point 50.6182551 3.0817511
14 28 point 50.6262828 3.0403363
18 28 point 50.6425588 3.0375667
19 28 point 50.6374069 3.0836989
21 28 point 50.6417414 3.0572202
22 28 point 50.6349126 3.0478356
23 28 point 50.6171189 3.0559664
29 28 point 50.6221331 3.0457379
30 28 point 50.6307655 3.06383
31 28 point 50.6178038 3.0451047
32 28 point 50.6315373 3.0808881
33 28 point 50.6367622 3.0359462
34 28 point 50.6480583 3.0445981
35 28 point 50.6383036 3.0865551
38 28 point 50.6205875 3.0840237
39 28 point 50.6305562 3.0840999
40 28 point 50.643135 3.0740405
41 28 point 50.6298678 3.0589805
43 28 point 50.6291024 3.0754623
45 28 point 50.648958 3.0501801
46 28 point 50.6380166 3.0540372
47 28 point 50.642016 3.0856941
48 28 point 50.6370925 3.0717431
49 28 point 50.6254501 3.0356398
0 29 point 50.6297715 3.0587753
3 29 point 50.6252419 3.0593875
4 29 point 50.6346319 3.0789928
5 29 point 50.6320221 3.0293238
7 29 point 50.6207011 3.0819886
10 29 point 50.632923 3.0614192
13 29 point 50.6181944 3.0817673
14 29 point 50.6262325 3.040288
18 29 point 50.6429253 3.0377938
19 29 point 50.6374939 3.0826706
21 29 point 50.6417329 3.0571902
22 29 point 50.6347477 3.0477203
23 29 point 50.6171757 3.0553726
29 29 point 50.6220273 3.0456593
30 29 point 50.6307134 3.0637663
31 29 point 50.6177887 3.0452091
32 29 point 50.6315102 3.0808242
33 29 point 50.6367879 3.035862
34 29 point 50.6471683 3.0428152
35 29 point 50.638301 3.0844158
38 29 point 50.6205806 3.0841363
39 29 point 50.6305555 3.0840111
40 29 point 50.6429149 3.0739444
41 29 point 50.6297715 3.0587753
43 29 point 50.629122 3.0756253
45 29 point 50.6492333 3.0505732
46 29 point 50.6379463 3.0540792
47 29 point 50.6421807 3.0866264
48 29 point 50.6369662 3.0722065
49 29 point 50.6251252 3.0369951
0 30 point 50.6296868 3.0585646
3 30 point 50.625269 3.0595137
4 30 point 50.6347167 3.0787194
5 30 point 50.6320018 3.0293076
7 30 point 50.6211402 3.0824285
10 30 point 50.6328014 3.0613645
13 30 point 50.6179808 3.0818484
14 30 point 50.6262099 3.0403161
18 30 point 50.6432689 3.0380492
19 30 point 50.637162 3.0824925
21 30 point 50.6416833 3.0572273
22 30 point 50.6351214 3.0463957
23 30 point 50.6172131 3.0548067
29 30 point 50.6219566 3.0456047
30 30 point 50.6313518 3.0626039
31 30 point 50.6176929 3.0458737
32 30 point 50.6313615 3.0800455
33 30 point 50.6368566 3.0356894
34 30 point 50.6465247 3.0415641
35 30 point 50.6373853 3.0843803
38 30 point 50.6205564 3.0842423
39 30 point 50.631167 3.0838444
40 30 point 50.6430656 3.0736275
41 30 point 50.6296868 3.0585646
43 30 point 50.6291278 3.0756667
45 30 point 50.6488004 3.0497224
46 30 point 50.6379062 3.0541587
47 30 disappearpoint 50.64227 3.0876854
48 30 point 50.6363745 3.0745281
49 30 point 50.6249074 3.0379176
0 31 point 50.6295991 3.0583359
3 31 disappearpoint 50.6253086 3.0596982
4 31 point 50.6348638 3.0783034
5 31 point 50.6318346 3.0294536
7 31 point 50.6216866 3.0828732
10 31 point 50.6328842 3.06125
13 31 point 50.617714 3.0819884
14 31 point 50.6261502 3.04039
18 31 point 50.6436381 3.0383784
19 31 point 50.6367654 3.0822905
21 31 point 50.6416807 3.0572185
22 31 point 50.6341768 3.0453701
23 31 point 50.6172418 3.0542731
29 31 point 50.6221054 3.0454201
30 31 point 50.6316369 3.062098
31 31 point 50.6181112 3.0460158
32 31 point 50.6313297 3.0798353
33 31 point 50.6368997 3.035581
34 31 point 50.6457298 3.0399965
35 31 point 50.6374069 3.0836989
38 31 point 50.620543 3.084337
39 31 point 50.6316742 3.0837334
40 31 point 50.6433098 3.0730845
41 31 point 50.6295991 3.0583359
43 31 point 50.6292663 3.0765698
45 31 point 50.648536 3.0491819
46 31 point 50.6379199 3.0544677
48 31 point 50.6361898 3.075253
49 31 point 50.6254249 3.0385469
0 32 point 50.629486 3.0579874
4 32 point 50.6348509 3.0781672
5 32 point 50.6318301 3.0294824
7 32 point 50.6209167 3.0821161
10 32 point 50.6331829 3.0608342
13 32 point 50.6174755 3.0821732
14 32 point 50.6261389 3.040404
18 32 point 50.6434836 3.0385616
19 32 point 50.6365642 3.08217
21 32 point 50.6415326 3.0573248
22 32 point 50.633235 3.0473624
23 32 point 50.6172712 3.0536505
29 32 point 50.6222041 3.0452989
30 32 point 50.6316737 3.0620316
31 32 point 50.6182074 3.0460484
32 32 point 50.6313526 3.0797252
33 32 point 50.63694 3.0354861
34 32 point 50.6455519 3.0395876
35 32 point 50.6365469 3.0832374
38 32 point 50.6205503 3.084421
39 32 point 50.6323759 3.083862
40 32 point 50.6433589 3.0730795
41 32 point 50.629486 3.0579874
43 32 point 50.6293252 3.0769386
45 32 point 50.6484184 3.0489131
46 32 point 50.6378965 3.0545245
48 32 point 50.6361443 3.0755428
49 32 point 50.6251225 3.0391537
0 33 point 50.6293759 3.0576382
4 33 point 50.6353124 3.0768414
5 33 point 50.631919 3.0297224
7 33 point 50.6206222 3.0818412
10 33 point 50.6334552 3.0613786
13 33 point 50.61715 3.0825065
14 33 point 50.6259513 3.0406446
18 33 point 50.6434022 3.0386582
19 33 point 50.6357114 3.0817368
21 33 point 50.6414332 3.056992
22 33 point 50.6331756 3.0474688
23 33 point 50.617284 3.0528454
29 33 point 50.622191 3.0452524
30 33 point 50.631622 3.0619564
31 33 point 50.6186909 3.0461701
32 33 point 50.6314864 3.0796758
33 33 point 50.6370008 3.0353617
34 33 point 50.645414 3.0391336
35 33 point 50.6355069 3.0826971
38 33 point 50.620579 3.0845054
39 33 point 50.6323823 3.0840098
40 33 point 50.6434463 3.0730401
41 33 point 50.6293759 3.0576382
43 33 point 50.6293508 3.0769212
45 33 point 50.6483053 3.0487432
46 33 point 50.6370696 3.0553653
48 33 point 50.6360401 3.0759942
49 33 point 50.6250562 3.0393275
0 34 point 50.6292759 3.0573337
4 34 point 50.6354642 3.0763403
5 34 point 50.6319555 3.0297365
7 34 point 50.6204118 3.0816984
10 34 point 50.6334863 3.0614701
13 34 point 50.6158459 3.0840123
14 34 point 50.6258769 3.04074
18 34 point 50.6432636 3.0386522
19 34 point 50.6355069 3.0826971
21 34 point 50.6412918 3.0570947
22 34 point 50.6314799 3.0494394
23 34 disappearpoint 50.6172813 3.0520085
29 34 point 50.6225544 3.0447879
30 34 point 50.6315864 3.0620298
31 34 point 50.618772 3.0455348
32 34 point 50.6315592 3.0797533
33 34 point 50.6370815 3.0352148
34 34 point 50.6453357 3.0386318
35 34 point 50.6353148 3.0836244
38 34 point 50.6206082 3.0845497
39 34 point 50.6324061 3.0849304
40 34 point 50.6435301 3.0729558
41 34 point 50.6292759 3.0573337
43 34 point 50.6294856 3.0768525
45 34 point 50.6482207 3.0486678
46 34 point 50.6371153 3.0554548
48 34 point 50.6360387 3.0761221
49 34 point 50.624913 3.0395384
0 35 point 50.6291674 3.0570813
4 35 point 50.6355302 3.0761598
5 35 point 50.632119 3.0295838
7 35 point 50.6201173 3.0815635
10 35 point 50.633504 3.0615853
13 35 point 50.6163027 3.083224
14 35 point 50.6254386 3.0412689
18 35 point 50.6427119 3.038901
19 35 point 50.6353106 3.0828825
21 35 point 50.6414445 3.0576095
22 35 point 50.6321351 3.0510197
29 35 point 50.6226237 3.0447054
30 35 point 50.6313015 3.0625305
31 35 point 50.6188409 3.0449953
32 35 point 50.6316439 3.0800376
33 35 point 50.6371619 3.0350865
34 35 point 50.6451838 3.0379495
35 35 point 50.6359319 3.0839352
38 35 point 50.6204896 3.0845231
39 35 point 50.6323754 3.0852845
40 35 point 50.6436163 3.0727676
41 35 point 50.6291674 3.0570813
43 35 point 50.6296643 3.0768988
45 35 point 50.6481154 3.0486175
46 35 point 50.6371266 3.055565
48 35 point 50.6361076 3.0760065
49 35 point 50.6248217 3.0396744
0 36 point 50.6290441 3.0567857
4 36 point 50.635741 3.0759189
5 36 point 50.6322095 3.0298027
7 36 point 50.6198503 3.0814833
10 36 point 50.6337153 3.0616385
13 36 point 50.6164234 3.0830157
14 36 point 50.6250645 3.0417358
18 36 point 50.6425408 3.038805
19 36 point 50.6351069 3.0830849
21 36 point 50.6417351 3.057399
22 36 point 50.6309645 3.0522099
29 36 point 50.6226402 3.0447553
30 36 point 50.6310179 3.0630387
31 36 point 50.6189204 3.0444336
32 36 point 50.6317437 3.0802733
33 36 point 50.6372661 3.0349474
34 36 point 50.6451619 3.037851
35 36 point 50.6366631 3.0843265
38 36 point 50.6203611 3.0845232
39 36 point 50.6323678 3.0853715
40 36 point 50.6436411 3.0726088
41 36 point 50.6290441 3.0567857
43 36 point 50.6299742 3.0770469
45 36 point 50.6480136 3.0486149
46 36 point 50.6369605 3.0561788
48 36 point 50.6362715 3.0752706
49 36 point 50.624754 3.0397753
0 37 point 50.6288514 3.0564009
4 37 point 50.635808 3.0758594
5 37 point 50.6322626 3.0298685
7 37 point 50.6193921 3.0814742
10 37 point 50.6338514 3.0615355
13 37 point 50.6167204 3.0824154
14 37 point 50.6244404 3.0425202
18 37 point 50.6421347 3.039014
19 37 point 50.6346864 3.0834195
21 37 point 50.6418096 3.0576542
22 37 point 50.6305965 3.0513748
29 37 point 50.6229749 3.0443413
30 37 point 50.6306565 3.0636861
31 37 point 50.6183634 3.0443167
32 37 point 50.6317618 3.0804129
33 37 point 50.6373295 3.0348208
34 37 point 50.645153 3.0378055
35 37 point 50.6365178 3.0849528
38 37 point 50.6201524 3.0845356
39 37 point 50.6323014 3.0853685
40 37 point 50.6436367 3.0724705
41 37 point 50.6288514 3.0564009
43 37 point 50.6300391 3.0772402
45 37 point 50.6477075 3.0487609
46 37 point 50.6369122 3.0563343
48 37 point 50.6363566 3.0749326
49 37 point 50.6243559 3.040323
0 38 point 50.6287009 3.0560989
4 38 disappearpoint 50.6358696 3.0758589
5 38 point 50.6323311 3.0298769
7 38 point 50.6188268 3.0815071
10 38 point 50.6340716 3.0613114
13 38 point 50.616953 3.0820312
14 38 point 50.6238732 3.0432032
18 38 point 50.6420594 3.0387817
19 38 point 50.6343277 3.0836601
21 38 point 50.6418851 3.0575975
22 38 point 50.6300661 3.0519514
29 38 point 50.6229556 3.0442921
30 38 point 50.6306103 3.0637673
31 38 point 50.6183235 3.0447986
32 38 point 50.6317858 3.0805291
33 38 point 50.6371961 3.034939
34 38 point 50.6449617 3.0379314
35 38 point 50.6357678 3.0846099
38 38 point 50.6202979 3.0844351
39 38 point 50.6317749 3.0853443
40 38 point 50.6437572 3.0724789
41 38 point 50.6287009 3.0560989
43 38 point 50.6300771 3.0773877
45 38 point 50.6473568 3.048945
46 38 point 50.6369669 3.0564344
48 38 point 50.6367325 3.0734388
49 38 point 50.6242095 3.0404991
0 39 point 50.6285721 3.0558601
5 39 point 50.6324746 3.0297311
7 39 point 50.6184291 3.0815208
10 39 point 50.6341442 3.0612419
13 39 point 50.6172038 3.0817033
14 39 point 50.6238702 3.0432069
18 39 point 50.641952 3.038667
19 39 point 50.6342345 3.0830211
21 39 point 50.6418302 3.0574175
22 39 point 50.6304011 3.0527949
29 39 point 50.6226237 3.0447054
30 39 point 50.6301541 3.064584
31 39 point 50.6188409 3.0449953
32 39 point 50.631813 3.0806471
33 39 point 50.6370924 3.0350677
34 39 disappearpoint 50.6448712 3.0375504
35 39 point 50.6355441 3.0858029
38 39 point 50.620437 3.0843693
39 39 point 50.631676 3.0853398
40 39 point 50.643769 3.0724917
41 39 point 50.6285721 3.0558601
43 39 point 50.6299616 3.0774229
45 39 point 50.646795 3.0492583
46 39 point 50.6370154 3.0563831
48 39 point 50.6369312 3.0726616
49 39 point 50.6231805 3.0417566
0 40 point 50.6284003 3.0555376
5 40 point 50.6323599 3.0294253
7 40 point 50.6181066 3.0815007
10 40 point 50.6346365 3.060721
13 40 point 50.6174683 3.0814418
14 40 point 50.6237971 3.043306
18 40 point 50.641817 3.0386997
19 40 point 50.6341979 3.0824658
21 40 point 50.6417864 3.0572677
22 40 point 50.6297184 3.0534362
29 40 point 50.6225544 3.0447879
30 40 point 50.6300787 3.0644805
31 40 point 50.618772 3.0455348
32 40 point 50.6318369 3.0807705
33 40 point 50.6370235 3.0351761
35 40 point 50.6363019 3.0862931
38 40 point 50.6205564 3.0842423
39 40 point 50.6305467 3.0852889
40 40 point 50.6438601 3.0725907
41 40 point 50.6284003 3.0555376
43 40 point 50.629703 3.0773202
45 40 point 50.6464955 3.0493438
46 40 point 50.6370596 3.0563428
48 40 point 50.6370212 3.0724205
49 40 point 50.6230101 3.0413389
0 41 point 50.6282306 3.0552193
5 41 point 50.6322297 3.0290779
7 41 point 50.6178486 3.0814111
10 41 point 50.6347175 3.0606292
13 41 point 50.6177903 3.0812176
14 41 point 50.6234872 3.0436788
18 41 point 50.6415569 3.0390174
19 41 point 50.6341974 3.0821745
21 41 point 50.6417794 3.0572582
22 41 point 50.6295083 3.0526241
29 41 point 50.622191 3.0452524
30 41 point 50.6294048 3.0635643
31 41 point 50.6186909 3.0461701
32 41 point 50.6318314 3.0808398
33 41 point 50.6369047 3.0353818
35 41 point 50.6359863 3.0868802
38 41 point 50.6205806 3.0841363
39 41 point 50.630541 3.0859583
40 41 point 50.6438133 3.0723894
41 41 point 50.6282306 3.0552193
43 41 point 50.6293569 3.0771376
45 41 point 50.6463244 3.0494361
46 41 point 50.6371304 3.056271
48 41 point 50.6370948 3.0722138
49 41 point 50.6229405 3.0411588
0 42 point 50.6280678 3.0549086
5 42 point 50.6321209 3.0287875
7 42 point 50.6175804 3.0812577
10 42 point 50.635661 3.0596217
13 42 point 50.6181344 3.081063
14 42 point 50.6233447 3.0438748
18 42 point 50.6407798 3.0399665
19 42 point 50.6343791 3.0826587
21 42 point 50.6417701 3.0572511
22 42 point 50.6295911 3.0525309
29 42 point 50.6221488 3.0451048
30 42 point 50.6294176 3.0635414
31 42 point 50.6182074 3.0460484
32 42 point 50.6318267 3.0808993
33 42 point 50.6368717 3.0354501
35 42 point 50.6359393 3.0869677
38 42 point 50.6205875 3.0840237
39 42 point 50.6305405 3.0860155
40 42 point 50.6437956 3.0722425
41 42 point 50.6280678 3.0549086
43 42 point 50.6294225 3.0775488
45 42 point 50.646096 3.049623
46 42 disappearpoint 50.6372087 3.056174
48 42 point 50.6371827 3.071878
49 42 disappearpoint 50.6234865 3.0406643
0 43 point 50.627911 3.0545969
5 43 point 50.6313832 3.0295304
7 43 point 50.6173321 3.0810367
10 43 point 50.6357446 3.0595342
13 43 point 50.6184844 3.080947
14 43 point 50.6233176 3.043835
18 43 point 50.6406922 3.0400181
19 43 point 50.6344767 3.0828757
21 43 point 50.6417625 3.0572511
22 43 point 50.6296215 3.0523624
29 43 point 50.6218448 3.0440662
30 43 point 50.6302855 3.0619863
31 43 point 50.6179856 3.047908
32 43 point 50.6317926 3.0809851
33 43 point 50.6367752 3.0355261
35 43 point 50.6360325 3.0870503
38 43 point 50.6205547 3.0836646
39 43 point 50.6304927 3.0860212
40 43 point 50.6438092 3.0721364
41 43 point 50.627911 3.0545969
43 43 point 50.6294561 3.0777592
45 43 point 50.645091 3.050736
48 43 point 50.6372776 3.0716906
0 44 point 50.6277888 3.0543472
5 44 point 50.6313589 3.0295245
7 44 point 50.6169659 3.0806529
10 44 point 50.6357166 3.0594692
13 44 point 50.6187716 3.0808917
14 44 point 50.6232284 3.0436776
18 44 point 50.6405699 3.0402109
19 44 point 50.6346097 3.0831746
21 44 point 50.6417525 3.0572527
22 44 point 50.6296708 3.0520966
29 44 point 50.6216439 3.0442079
30 44 point 50.630426 3.0618924
31 44 point 50.6179571 3.0481101
32 44 point 50.631745 3.0810489
33 44 point 50.6366464 3.0356063
35 44 point 50.6361943 3.0871938
38 44 point 50.6204427 3.0827673
39 44 point 50.6296373 3.0861239
40 44 point 50.6437326 3.0723258
41 44 point 50.6277888 3.0543472
43 44 point 50.6294691 3.077754
45 44 point 50.6451459 3.0508492
48 44 point 50.6375379 3.0714001
0 45 point 50.6276355 3.0540522
5 45 point 50.6311012 3.0289048
7 45 point 50.617293 3.081067
10 45 point 50.6356756 3.059374
13 45 point 50.6190065 3.0808834
14 45 point 50.6227365 3.0424625
18 45 point 50.6404642 3.0405595
19 45 point 50.6346623 3.0833386
21 45 point 50.6417414 3.0572202
22 45 point 50.6297897 3.0513604
29 45 point 50.6215805 3.0439846
30 45 point 50.6305481 3.0616751
31 45 point 50.6179584 3.048334
32 45 point 50.631691 3.0811061
33 45 point 50.6367315 3.0356348
35 45 point 50.6364078 3.0873831
38 45 point 50.62041 3.082385
39 45 point 50.6296976 3.0869303
40 45 point 50.6436334 3.0724462
41 45 point 50.6276355 3.0540522
43 45 point 50.6295008 3.0777521
45 45 point 50.644937 3.0510894
48 45 point 50.6375956 3.0712841
0 46 point 50.6274705 3.0537373
5 46 point 50.6311508 3.028853
7 46 point 50.6176181 3.0814814
10 46 point 50.6352186 3.0582935
13 46 point 50.6194636 3.0809445
14 46 point 50.6223629 3.0427727
18 46 point 50.6403647 3.0408251
19 46 point 50.6347563 3.0832207
21 46 point 50.6417329 3.0571902
22 46 point 50.6303534 3.0507895
29 46 disappearpoint 50.62161 3.0439566
30 46 point 50.6305881 3.0616465
31 46 point 50.6179963 3.0483783
32 46 point 50.6315681 3.0812042
33 46 point 50.6367775 3.0357269
35 46 point 50.6364423 3.0874137
38 46 point 50.6203402 3.0821302
39 46 point 50.6305145 3.0868305
40 46 point 50.6436049 3.0723253
41 46 point 50.6274705 3.0537373
43 46 point 50.6295251 3.0777576
45 46 point 50.6448852 3.0509854
48 46 point 50.6375038 3.0713014
0 47 point 50.6273142 3.0534365
5 47 point 50.6318471 3.0281033
7 47 point 50.6177293 3.0816407
10 47 point 50.6354502 3.0578877
13 47 point 50.6197556 3.0810481
14 47 point 50.6228815 3.044102
18 47 point 50.6402635 3.0410751
19 47 point 50.6350635 3.082975
21 47 point 50.6416833 3.0572273
22 47 point 50.6305965 3.0513748
30 47 point 50.6311283 3.0625219
31 47 point 50.6183763 3.0484928
32 47 point 50.6315417 3.0812113
33 47 point 50.636809 3.0356113
35 47 point 50.6364915 3.0874399
38 47 point 50.620263 3.0819719
39 47 point 50.6305386 3.0868276
40 47 point 50.6435515 3.0722077
41 47 point 50.6273142 3.0534365
43 47 point 50.6295565 3.0777744
45 47 point 50.643151 3.0531233
48 47 point 50.6373318 3.0714861
0 48 point 50.6271881 3.0531859
5 48 point 50.6321993 3.0277641
7 48 point 50.6178322 3.0817397
10 48 point 50.6355002 3.0578
13 48 point 50.6200991 3.081223
14 48 point 50.6229556 3.0442921
18 48 point 50.6401882 3.0412827
19 48 point 50.6353016 3.0827538
21 48 point 50.6416807 3.0572185
22 48 point 50.6300661 3.0519514
30 48 point 50.631025 3.0627142
31 48 point 50.6183456 3.0487218
32 48 point 50.6311214 3.0811329
33 48 point 50.6368717 3.0354501
35 48 point 50.6365333 3.087097
38 48 point 50.6201357 3.0818191
39 48 point 50.6305405 3.0860155
40 48 point 50.6434417 3.0720879
41 48 point 50.6271881 3.0531859
43 48 point 50.6295844 3.0778006
45 48 point 50.6430604 3.0532053
48 48 point 50.6372328 3.0715925
0 49 point 50.6269373 3.0527224
5 49 point 50.6329827 3.0269683
7 49 point 50.6180927 3.0819304
10 49 point 50.6362289 3.0566442
13 49 point 50.6203322 3.0814083
14 49 point 50.6226237 3.0447054
18 49 point 50.6401824 3.0414066
19 49 point 50.6354227 3.0826195
21 49 point 50.6415326 3.0573248
22 49 point 50.6297054 3.0523035
30 49 point 50.6310179 3.0630387
31 49 point 50.6183003 3.0491111
32 49 point 50.6308305 3.081159
33 49 point 50.6369047 3.0353818
35 49 point 50.6365558 3.0869125
38 49 point 50.6199529 3.08171
39 49 point 50.6304927 3.0860212
40 49 point 50.6434731 3.0720461
41 49 point 50.6269373 3.0527224
43 49 point 50.6296126 3.0778434
45 49 point 50.6429913 3.0532404
48 49 point 50.6370925 3.0717431
0 50 point 50.6268125 3.0524655
5 50 point 50.6330493 3.0269
7 50 point 50.6183013 3.0819522
10 50 point 50.6366661 3.0559352
13 50 point 50.6206916 3.081743
14 50 point 50.6226402 3.0447553
18 50 point 50.6402193 3.0415573
19 50 point 50.6354621 3.0825148
21 50 point 50.6414332 3.056992
22 50 point 50.6296215 3.0523624
30 50 point 50.6313015 3.0625305
31 50 point 50.6182695 3.0493164
32 50 point 50.6298852 3.0813408
33 50 point 50.6370235 3.0351761
35 50 point 50.6365771 3.0867374
38 50 point 50.6196594 3.0817161
39 50 point 50.6296373 3.0861239
40 50 point 50.6436635 3.0717545
41 50 point 50.6268125 3.0524655
43 50 point 50.6297207 3.0777868
45 50 point 50.6429056 3.0532511
48 50 point 50.6369662 3.0722065
0 51 point 50.6266519 3.0521377
5 51 point 50.6329753 3.0267967
7 51 point 50.6185681 3.0819468
10 51 point 50.6370696 3.0553653
13 51 point 50.6208827 3.0819603
14 51 point 50.6229749 3.0443413
18 51 point 50.6401167 3.0416387
19 51 point 50.635548 3.0819631
21 51 point 50.6412918 3.0570947
22 51 point 50.6296708 3.0520966
30 51 point 50.6313518 3.0626039
31 51 point 50.6182626 3.0494244
32 51 point 50.6284436 3.0820831
33 51 point 50.6370924 3.0350677
35 51 point 50.6365983 3.0865633
38 51 point 50.6191106 3.0817148
39 51 point 50.6296976 3.0869303
40 51 point 50.6438791 3.0715121
41 51 point 50.6266519 3.0521377
43 51 point 50.6297665 3.0777628
45 51 point 50.6426993 3.0532693
48 51 point 50.6363745 3.0745281
0 52 point 50.6265182 3.0518839
5 52 disappearpoint 50.6323964 3.0260062
7 52 point 50.6188664 3.0819384
10 52 point 50.6378965 3.0545245
13 52 point 50.6213355 3.0824954
14 52 point 50.623258 3.043991
18 52 point 50.6399301 3.0418803
19 52 point 50.6355526 3.0817572
21 52 point 50.6414445 3.0576095
22 52 point 50.6297897 3.0513604
30 52 point 50.6316369 3.062098
31 52 point 50.6182591 3.0494822
32 52 point 50.6279156 3.0823683
33 52 point 50.6371961 3.034939
35 52 point 50.6369198 3.0866568
38 52 point 50.6188506 3.0817246
39 52 point 50.6305145 3.0868305
40 52 point 50.6441484 3.0713202
41 52 point 50.6265182 3.0518839
43 52 point 50.6309321 3.0771674
45 52 point 50.6419683 3.0533383
48 52 point 50.6361898 3.075253
0 53 point 50.6264023 3.0516982
7 53 point 50.6196287 3.0818748
10 53 point 50.6379199 3.0544677
13 53 point 50.6216866 3.0828732
14 53 point 50.6233447 3.0438748
18 53 point 50.639786 3.0419682
19 53 point 50.6355079 3.081553
21 53 point 50.6414649 3.0576736
22 53 point 50.6303534 3.0507895
30 53 point 50.6316737 3.0620316
31 53 point 50.6181949 3.0495146
32 53 point 50.627473 3.0826191
33 53 point 50.6373295 3.0348208
35 53 point 50.6369433 3.0864886
38 53 point 50.6186607 3.0817523
39 53 point 50.6305386 3.0868276
40 53 point 50.6444818 3.0712353
41 53 point 50.6264023 3.0516982
43 53 point 50.6308611 3.0770005
45 53 point 50.641796 3.0533565
48 53 point 50.6361443 3.0755428
0 54 point 50.6262614 3.0515511
7 54 point 50.6199564 3.081856
10 54 point 50.6379062 3.0541587
13 54 point 50.6225763 3.0838307
14 54 point 50.6234048 3.0439748
18 54 point 50.6394565 3.0420066
19 54 point 50.6354215 3.0814334
21 54 point 50.6414388 3.0576929
22 54 point 50.6300302 3.0500374
30 54 point 50.6317304 3.0621052
31 54 point 50.6180067 3.04938
32 54 point 50.6271831 3.0828751
33 54 point 50.6372661 3.0349474
35 54 point 50.6366201 3.086384
38 54 point 50.6182551 3.0817511
39 54 point 50.6305405 3.0860155
40 54 point 50.6449561 3.0711133
41 54 point 50.6262614 3.0515511
43 54 point 50.6304466 3.0772178
45 54 point 50.6398358 3.0535636
48 54 point 50.6360401 3.0759942
0 55 point 50.6261052 3.0514191
7 55 point 50.6201236 3.0819459
10 55 point 50.6379463 3.0540792
13 55 point 50.6210281 3.0824421
14 55 point 50.6239436 3.0448527
18 55 point 50.6387753 3.0420747
19 55 point 50.635317 3.0813706
21 55 point 50.6414241 3.0576434
22 55 point 50.6297897 3.0513604
30 55 point 50.6321155 3.0626143
31 55 point 50.6178743 3.0492506
32 55 point 50.6266048 3.0833243
33 55 point 50.6371619 3.0350865
35 55 point 50.6365983 3.0865633
38 55 point 50.6181944 3.0817673
39 55 point 50.6304927 3.0860212
40 55 point 50.6451992 3.0710184
41 55 point 50.6261052 3.0514191
43 55 point 50.6300771 3.0773877
45 55 point 50.6398408 3.0536812
48 55 point 50.6360387 3.0761221
0 56 point 50.6259772 3.0513395
7 56 point 50.6202499 3.0821211
10 56 point 50.6380166 3.0540372
13 56 point 50.6208774 3.0823702
14 56 disappearpoint 50.6234906 3.0453744
18 56 point 50.6386924 3.0420997
19 56 point 50.6351765 3.081381
21 56 point 50.6412341 3.0577792
22 56 point 50.6296582 3.0514726
30 56 point 50.632134 3.0625839
31 56 point 50.6177504 3.049086
32 56 point 50.6259324 3.0836907
33 56 point 50.6370815 3.0352148
35 56 point 50.6365771 3.0867374
38 56 point 50.6179808 3.0818484
39 56 point 50.6296373 3.0861239
40 56 point 50.6454109 3.0708845
41 56 point 50.6259772 3.0513395
43 56 point 50.6300391 3.0772402
45 56 point 50.6398448 3.0537738
48 56 point 50.6361974 3.0761983
0 57 point 50.6258675 3.0512758
7 57 point 50.6203347 3.0822923
10 57 point 50.638142 3.0540163
13 57 point 50.6207412 3.082391
18 57 point 50.6386582 3.0421383
19 57 point 50.634903 3.0814986
21 57 point 50.6412489 3.0578341
22 57 point 50.6292824 3.0517936
30 57 point 50.6321718 3.062517
31 57 point 50.617476 3.0485279
32 57 point 50.6255287 3.0839724
33 57 point 50.6370008 3.0353617
35 57 point 50.6365558 3.0869125
38 57 point 50.617714 3.0819884
39 57 point 50.6296976 3.0869303
40 57 point 50.644993 3.0709718
41 57 point 50.6258675 3.0512758
43 57 point 50.6299742 3.0770469
45 57 point 50.6398662 3.0543237
48 57 point 50.6366345 3.0764819
0 58 point 50.6257026 3.0512021
7 58 point 50.6204427 3.0827673
10 58 point 50.6384502 3.0539764
13 58 point 50.6206371 3.0824924
18 58 point 50.638628 3.0422209
19 58 point 50.6345512 3.0817681
21 58 point 50.6412234 3.0578538
22 58 point 50.628547 3.0523763
30 58 point 50.6322058 3.0624544
31 58 point 50.6172642 3.0478339
32 58 point 50.625094 3.084188
33 58 point 50.63694 3.0354861
35 58 point 50.6365333 3.087097
38 58 point 50.6174755 3.0821732
39 58 point 50.6305145 3.0868305
40 58 point 50.644568 3.0710838
41 58 point 50.6257026 3.0512021
43 58 point 50.6296643 3.0768988
45 58 point 50.6384649 3.0542671
48 58 point 50.6367305 3.0766123
0 59 point 50.6255808 3.0511676
7 59 point 50.62041 3.082385
10 59 point 50.6383926 3.0528051
13 59 point 50.6205597 3.0826446
18 59 point 50.6386181 3.0423137
19 59 point 50.6340242 3.0821881
21 59 point 50.6412331 3.0578919
22 59 point 50.6284074 3.0520536
30 59 point 50.632403 3.0620909
31 59 point 50.6171579 3.0472112
32 59 point 50.6248015 3.0843115
33 59 point 50.6368997 3.035581
35 59 point 50.6368464 3.0871827
38 59 point 50.61715 3.0825065
39 59 point 50.6305386 3.0868276
40 59 point 50.6441254 3.0712151
41 59 point 50.6255808 3.0511676
43 59 point 50.6294856 3.0768525
45 59 point 50.6384502 3.0539764
48 59 point 50.636781 3.0766397
0 60 point 50.6254393 3.051133
7 60 point 50.6203402 3.0821302
10 60 point 50.6386123 3.0530291
13 60 point 50.620533 3.0829116
18 60 point 50.6386349 3.0424931
19 60 point 50.6345379 3.0816973
21 60 point 50.6409346 3.0581066
22 60 point 50.627055 3.0530976
30 60 point 50.632482 3.0619562
31 60 point 50.6170573 3.0454236
32 60 point 50.6245791 3.0843952
33 60 point 50.6368566 3.0356894
35 60 point 50.6368735 3.0869887
38 60 point 50.6158459 3.0840123
39 60 disappearpoint 50.6305443 3.0881366
40 60 point 50.6438247 3.0714171
41 60 point 50.6254393 3.051133
43 60 point 50.6293508 3.0769212
45 60 point 50.638142 3.0540163
48 60 point 50.6373051 3.0769238
0 61 point 50.6252823 3.0510919
7 61 point 50.620263 3.0819719
10 61 point 50.639042 3.0534945
13 61 point 50.620573 3.0833681
18 61 point 50.6388942 3.0435744
19 61 point 50.6362095 3.0800672
21 61 point 50.6408968 3.0579768
22 61 point 50.627529 3.0540397
30 61 point 50.632729 3.061492
31 61 point 50.6170478 3.0440748
32 61 point 50.6243418 3.0844279
33 61 point 50.6367879 3.035862
35 61 point 50.6365558 3.0869125
38 61 point 50.6163027 3.083224
40 61 point 50.6437052 3.0715299
41 61 point 50.6252823 3.0510919
43 61 point 50.6293252 3.0769386
45 61 point 50.6380166 3.0540372
48 61 point 50.6373945 3.0770514
0 62 point 50.6251552 3.0510707
7 62 point 50.6201357 3.0818191
10 62 point 50.6392608 3.053647
13 62 point 50.6206851 3.0838593
18 62 point 50.6389893 3.0440947
19 62 point 50.6367604 3.0795322
21 62 point 50.6408697 3.057884
22 62 point 50.6288174 3.0530618
30 62 point 50.6328014 3.0613645
31 62 point 50.6170948 3.0422654
32 62 point 50.6240556 3.0844139
33 62 point 50.636783 3.0357941
35 62 point 50.6365333 3.087097
38 62 point 50.6164234 3.0830157
40 62 point 50.6435997 3.0716549
41 62 point 50.6251552 3.0510707
43 62 point 50.6292663 3.0765698
45 62 point 50.6379463 3.0540792
48 62 point 50.6374329 3.0773052
0 63 point 50.6249757 3.0510529
7 63 point 50.6199529 3.08171
10 63 point 50.6394076 3.0536941
13 63 point 50.6207737 3.0841112
18 63 point 50.6390388 3.0444815
19 63 point 50.6378349 3.0785166
21 63 point 50.6409062 3.0578584
22 63 point 50.628547 3.0523763
30 63 point 50.63272 3.0613218
31 63 point 50.6172583 3.0403889
32 63 point 50.6236883 3.084322
33 63 point 50.6367775 3.0357269
35 63 point 50.6368464 3.0871827
38 63 point 50.6167204 3.0824154
40 63 point 50.6434251 3.0719136
41 63 point 50.6249757 3.0510529
43 63 point 50.6291278 3.0756667
45 63 point 50.6379062 3.0541587
48 63 point 50.6373362 3.0771709
0 64 point 50.6247869 3.0510683
7 64 point 50.6196594 3.0817161
10 64 point 50.6398408 3.0536812
13 64 point 50.6208048 3.0841404
18 64 point 50.6390485 3.0448859
19 64 point 50.638012 3.0783492
21 64 point 50.6409303 3.057941
22 64 point 50.6284074 3.0520536
30 64 point 50.6323937 3.0608902
31 64 point 50.617432 3.0391347
32 64 point 50.6234538 3.0842236
33 64 point 50.6367418 3.0358496
35 64 point 50.6368735 3.0869887
38 64 point 50.616953 3.0820312
40 64 point 50.6432587 3.0722339
41 64 point 50.6247869 3.0510683
43 64 point 50.629122 3.0756253
45 64 point 50.6378812 3.0538688
48 64 point 50.6372419 3.0770843
0 65 point 50.6246124 3.0510975
7 65 point 50.6191106 3.0817148
10 65 point 50.6398358 3.0535636
13 65 point 50.6208291 3.0841763
18 65 point 50.6390225 3.0451431
19 65 point 50.6392476 3.0771596
21 65 point 50.6411212 3.0578042
22 65 point 50.627055 3.0530976
30 65 point 50.6323396 3.0608305
31 65 point 50.6175313 3.0385022
32 65 point 50.6231068 3.0839822
33 65 point 50.6367292 3.0359346
35 65 point 50.6368957 3.0868298
38 65 point 50.6172038 3.0817033
40 65 point 50.6431028 3.0725939
41 65 point 50.6246124 3.0510975
43 65 point 50.6291024 3.0754623
45 65 point 50.6378851 3.0537621
48 65 point 50.6366462 3.0767726
0 66 point 50.6244014 3.051146
7 66 point 50.6188506 3.0817246
10 66 point 50.6398299 3.053423
13 66 point 50.6208533 3.0842342
18 66 point 50.6389535 3.0457904
19 66 point 50.6393567 3.0770495
21 66 point 50.6410139 3.0574422
22 66 point 50.627529 3.0540397
30 66 point 50.6322879 3.0607592
31 66 point 50.6177031 3.0375759
32 66 point 50.6227792 3.08369
33 66 point 50.636731 3.0360145
35 66 point 50.6369198 3.0866568
38 66 point 50.6174683 3.0814418
40 66 point 50.6426995 3.0735169
41 66 point 50.6244014 3.051146
43 66 point 50.6290744 3.0752885
45 66 point 50.6382703 3.0528185
48 66 point 50.6366031 3.0767538
0 67 point 50.6242 3.0512098
7 67 point 50.6186607 3.0817523
10 67 point 50.6398135 3.0530369
13 67 point 50.6208689 3.0843303
18 67 point 50.6389022 3.0462153
19 67 point 50.6399872 3.0764524
21 67 point 50.6409944 3.057456
22 67 point 50.6288174 3.0530618
30 67 point 50.6322323 3.0607183
31 67 point 50.6179767 3.036173
32 67 point 50.6222504 3.083153
33 67 point 50.6367622 3.0359462
35 67 point 50.6365983 3.0865633
38 67 point 50.6177903 3.0812176
40 67 point 50.6425182 3.0737884
41 67 point 50.6242 3.0512098
43 67 point 50.6290402 3.0750465
45 67 point 50.6381129 3.0526521
48 67 point 50.6362268 3.07659
0 68 point 50.6240048 3.0513112
7 68 point 50.6182551 3.0817511
10 68 point 50.6398088 3.0529274
13 68 point 50.6208633 3.0844126
18 68 point 50.6387867 3.0468606
19 68 point 50.6409013 3.0755867
21 68 point 50.6409975 3.0574699
22 68 point 50.628547 3.0523763
30 68 point 50.6315179 3.0597398
31 68 point 50.61806 3.0356693
32 68 point 50.6222232 3.0831169
33 68 point 50.6367879 3.035862
35 68 point 50.6366201 3.086384
38 68 point 50.6181344 3.081063
40 68 point 50.6423506 3.0739895
41 68 point 50.6240048 3.0513112
43 68 point 50.6288978 3.0740394
45 68 point 50.6378546 3.0532575
48 68 point 50.636012 3.0765445
0 69 point 50.6237062 3.051465
7 69 point 50.6181944 3.0817673
10 69 point 50.6397941 3.0525819
13 69 point 50.6208451 3.0844785
18 69 point 50.6387821 3.0470143
19 69 point 50.6417184 3.0750396
21 69 point 50.6409629 3.057494
22 69 point 50.6284074 3.0520536
30 69 point 50.6311825 3.0588986
31 69 point 50.6181052 3.0354505
32 69 point 50.6206594 3.0813218
33 69 point 50.6368566 3.0356894
35 69 point 50.6369433 3.0864886
38 69 point 50.6184844 3.080947
40 69 point 50.642215 3.0741054
41 69 point 50.6237062 3.051465
43 69 point 50.6288739 3.0738701
45 69 point 50.6377773 3.0533697
48 69 point 50.6357669 3.0765008
0 70 point 50.6234558 3.0515983
7 70 point 50.6179808 3.0818484
10 70 point 50.6397917 3.0525403
13 70 point 50.6208419 3.0846696
18 70 point 50.6387962 3.0471492
19 70 point 50.6422322 3.0747667
21 70 point 50.6409701 3.0575212
22 70 point 50.6280354 3.0511984
30 70 point 50.6307998 3.057961
31 70 point 50.6182279 3.0349754
32 70 point 50.6200167 3.0806206
33 70 point 50.6367928 3.0357326
35 70 point 50.6369198 3.0866568
38 70 point 50.6187716 3.0808917
40 70 point 50.6419771 3.07432
41 70 point 50.6234558 3.0515983
43 70 point 50.6288698 3.0738409
45 70 point 50.6375513 3.0536454
48 70 point 50.6357431 3.0764961
0 71 point 50.623231 3.0517181
7 71 point 50.617714 3.0819884
10 71 point 50.6397874 3.052468
13 71 point 50.6208604 3.0848887
18 71 point 50.6388578 3.0472589
19 71 point 50.6425124 3.0745497
21 71 point 50.6409069 3.0575711
22 71 point 50.6279728 3.0510556
30 71 point 50.6316771 3.0570894
31 71 point 50.6184871 3.0342173
32 71 point 50.6196727 3.0802473
33 71 point 50.6367224 3.0357585
35 71 point 50.6365983 3.0865633
38 71 point 50.6190065 3.0808834
40 71 point 50.6415215 3.0747371
41 71 point 50.623231 3.0517181
43 71 point 50.6288492 3.0736951
45 71 point 50.637237 3.0540241
48 71 point 50.63561 3.0764698
0 72 point 50.6229809 3.0518406
7 72 point 50.6174755 3.0821732
10 72 point 50.6397666 3.052196
13 72 point 50.6209365 3.0852495
18 72 point 50.6389452 3.047327
19 72 point 50.6426211 3.0744278
21 72 point 50.6409116 3.0575934
22 72 point 50.6277328 3.0505077
30 72 point 50.6319949 3.057578
31 72 point 50.6185491 3.0339067
32 72 point 50.6195354 3.0800992
33 72 point 50.6366693 3.0357591
35 72 point 50.6365771 3.0867374
38 72 point 50.6194636 3.0809445
40 72 point 50.6404872 3.0757685
41 72 point 50.6229809 3.0518406
43 72 point 50.6288173 3.0734693
45 72 point 50.6370951 3.0541981
48 72 point 50.6355278 3.0764535
0 73 point 50.6227208 3.051965
7 73 point 50.61715 3.0825065
10 73 point 50.6397359 3.0515757
13 73 point 50.6209589 3.0853335
18 73 point 50.6390381 3.0473504
19 73 point 50.6427326 3.0742743
21 73 point 50.6408443 3.0576407
22 73 point 50.6270375 3.0509882
30 73 point 50.632749 3.0563155
31 73 point 50.6185549 3.0337667
32 73 point 50.6201761 3.0806618
33 73 point 50.6366017 3.0357451
35 73 point 50.6365558 3.0869125
38 73 point 50.6197556 3.0810481
40 73 point 50.6399328 3.0762988
41 73 point 50.6227208 3.051965
43 73 point 50.6283362 3.0700658
45 73 point 50.636948 3.0542947
48 73 point 50.6354443 3.076437
0 74 point 50.6225432 3.0520523
7 74 point 50.6158459 3.0840123
10 74 point 50.6417578 3.0516125
13 74 point 50.6211066 3.0858987
18 74 point 50.6396809 3.0473423
19 74 point 50.6429149 3.0739444
21 74 point 50.6408468 3.0576526
22 74 point 50.6269833 3.0510262
30 74 point 50.633059 3.0550368
31 74 point 50.6185366 3.0336285
32 74 point 50.620738 3.0812347
33 74 point 50.6364834 3.0356628
35 74 point 50.6368735 3.0869887
38 74 point 50.6200991 3.081223
40 74 point 50.6391882 3.0770111
41 74 point 50.6225432 3.0520523
43 74 point 50.6283288 3.0700132
45 74 point 50.636856 3.0546085
48 74 point 50.6343493 3.0762434
0 75 point 50.6223569 3.052137
7 75 point 50.6163027 3.083224
10 75 point 50.6416769 3.0511878
13 75 point 50.6212204 3.0862852
18 75 point 50.6397809 3.0477511
19 75 point 50.6430656 3.0736275
21 75 point 50.6408421 3.0576664
22 75 point 50.6268338 3.051131
30 75 point 50.6336036 3.0551059
31 75 point 50.6184886 3.0334512
32 75 point 50.6213038 3.0818612
33 75 point 50.6362976 3.0356907
35 75 point 50.6368957 3.0868298
38 75 point 50.6203322 3.0814083
40 75 point 50.637964 3.0782283
41 75 point 50.6223569 3.052137
43 75 point 50.6283019 3.0698631
45 75 point 50.6363148 3.0538906
48 75 point 50.633484 3.076099
0 76 point 50.6222157 3.0521981
7 76 point 50.6164234 3.0830157
10 76 point 50.6403404 3.0510156
13 76 point 50.6212761 3.086433
18 76 point 50.6397882 3.0478026
19 76 point 50.6433098 3.0730845
21 76 point 50.6408264 3.0576773
22 76 point 50.6262644 3.0514807
30 76 point 50.6337 3.055506
31 76 point 50.6184211 3.0333455
32 76 point 50.6217227 3.0822994
33 76 point 50.6360844 3.0356983
35 76 point 50.6365771 3.0867374
38 76 point 50.6206916 3.081743
40 76 point 50.6375244 3.0786266
41 76 point 50.6222157 3.0521981
43 76 point 50.6284376 3.0698531
45 76 point 50.6362318 3.0537841
48 76 point 50.6334405 3.0760966
0 77 point 50.6220469 3.0522705
7 77 point 50.6167204 3.0824154
10 77 point 50.6397274 3.0509602
13 77 point 50.6212986 3.0864739
18 77 point 50.6397825 3.047898
19 77 point 50.643204 3.0730551
21 77 point 50.640816 3.0576748
22 77 point 50.6262628 3.0514817
30 77 point 50.634052 3.0555584
31 77 point 50.6183405 3.03326
32 77 point 50.6223934 3.0830078
33 77 point 50.6361247 3.0355674
35 77 point 50.6365983 3.0865633
38 77 point 50.6208827 3.0819603
40 77 point 50.636881 3.0792477
41 77 point 50.6220469 3.0522705
43 77 point 50.6297246 3.0698278
45 77 point 50.6367694 3.0528091
48 77 point 50.6333401 3.0760822
0 78 point 50.6218384 3.0523249
7 78 point 50.616953 3.0820312
10 78 point 50.6397359 3.0515757
13 78 point 50.6213381 3.0865975
18 78 point 50.6397705 3.0480899
19 78 point 50.6430758 3.0729249
21 78 point 50.6408342 3.0577391
22 78 point 50.6259102 3.0517114
30 78 point 50.6338781 3.0551538
31 78 point 50.6182429 3.0332288
32 78 point 50.6228044 3.0834212
33 78 point 50.6361877 3.0354426
35 78 point 50.6369198 3.0866568
38 78 point 50.6213355 3.0824954
40 78 point 50.6365145 3.0795957
41 78 point 50.6218384 3.0523249
43 78 point 50.6296632 3.0692406
45 78 point 50.6367145 3.0527197
48 78 point 50.633297 3.0760703
0 79 point 50.6216215 3.0523424
7 79 point 50.6172038 3.0817033
10 79 point 50.6417578 3.0516125
13 79 point 50.6213525 3.0865674
18 79 point 50.6397244 3.0481479
19 79 point 50.6430274 3.0728229
21 79 point 50.6408279 3.0577436
22 79 point 50.6250991 3.05243
30 79 point 50.6336036 3.0551059
31 79 point 50.6181575 3.0332137
32 79 point 50.6229581 3.0834602
33 79 point 50.6364106 3.0351511
35 79 point 50.6368957 3.0868298
38 79 point 50.6216866 3.0828732
40 79 point 50.635634 3.0804578
41 79 point 50.6216215 3.0523424
43 79 point 50.6296904 3.0692328
45 79 point 50.6369304 3.0523291
48 79 point 50.6332273 3.0760736
0 80 point 50.6214636 3.0523374
7 80 point 50.6174683 3.0814418
10 80 point 50.6418382 3.0520346
13 80 point 50.6213817 3.0865213
18 80 point 50.639707 3.04821
19 80 point 50.6429953 3.0726998
21 80 point 50.6408266 3.0577385
22 80 point 50.6249438 3.0517904
30 80 point 50.6337 3.055506
31 80 point 50.6180894 3.0332206
32 80 point 50.6230661 3.0834457
33 80 point 50.6363157 3.0349346
35 80 point 50.6368735 3.0869887
38 80 point 50.6211402 3.0824285
40 80 point 50.6346504 3.0813976
41 80 point 50.6214636 3.0523374
43 80 point 50.6297252 3.0692163
45 80 point 50.6372167 3.0518104
48 80 point 50.6332396 3.0759237
0 81 point 50.6213145 3.0523067
7 81 point 50.6177903 3.0812176
10 81 point 50.6418835 3.0522721
13 81 point 50.621423 3.0864527
18 81 point 50.6397001 3.0486608
19 81 point 50.6429846 3.0725371
21 81 point 50.6407915 3.0577656
22 81 point 50.6244265 3.052207
30 81 point 50.6329891 3.0568953
31 81 point 50.6179511 3.0332397
32 81 point 50.6231818 3.0834088
33 81 point 50.6359317 3.0340553
35 81 point 50.6368464 3.0871827
38 81 point 50.6207011 3.0819886
40 81 point 50.6348426 3.0811356
41 81 point 50.6213145 3.0523067
43 81 point 50.6297501 3.0691995
45 81 point 50.6372847 3.051688
48 81 point 50.633245 3.0758875
0 82 point 50.6211775 3.0522619
7 82 point 50.6181344 3.081063
10 82 point 50.6421114 3.0522489
13 82 point 50.6214375 3.0864284
18 82 point 50.6398442 3.0486145
19 82 point 50.6428923 3.0727665
21 82 point 50.6407154 3.0575126
22 82 point 50.6241981 3.0523382
30 82 point 50.6335377 3.0581626
31 82 point 50.6181525 3.0330747
32 82 point 50.6233576 3.0831199
33 82 point 50.6358217 3.0341646
35 82 point 50.6368084 3.0874545
38 82 point 50.6204527 3.0817955
40 82 point 50.6353196 3.0806254
41 82 point 50.6211775 3.0522619
43 82 point 50.6297765 3.0691762
45 82 point 50.6374028 3.0516286
48 82 point 50.6333171 3.0748264
0 83 point 50.6210119 3.0521874
7 83 point 50.6184844 3.080947
10 83 point 50.6421458 3.0522479
13 83 point 50.6215187 3.0862804
18 83 point 50.639898 3.0486407
19 83 point 50.6426626 3.0733256
21 83 disappearpoint 50.6407751 3.0574693
22 83 point 50.6240783 3.0524042
30 83 point 50.6335784 3.0582562
31 83 point 50.6182274 3.0329166
32 83 point 50.623396 3.0830464
33 83 point 50.6357475 3.0342384
35 83 disappearpoint 50.6368437 3.0875585
38 83 point 50.6201464 3.0816453
40 83 point 50.6354479 3.0804149
41 83 point 50.6210119 3.0521874
43 83 point 50.6298032 3.069146
45 83 point 50.6374434 3.0515659
48 83 point 50.6333294 3.0747214
0 84 point 50.6208221 3.0520785
7 84 point 50.6187716 3.0808917
10 84 point 50.6427943 3.0521721
13 84 point 50.6216042 3.0861266
18 84 point 50.6399288 3.048699
19 84 point 50.6424802 3.0736187
22 84 point 50.6238256 3.0525383
30 84 point 50.6336754 3.0584189
31 84 point 50.6182433 3.0328677
32 84 point 50.6234251 3.0830939
33 84 point 50.6356416 3.0343437
38 84 point 50.619823 3.0815594
40 84 point 50.6355147 3.0802271
41 84 point 50.6208221 3.0520785
43 84 point 50.6298288 3.0691088
45 84 point 50.6374888 3.0514771
48 84 point 50.6333798 3.0744766
0 85 point 50.62059 3.0519288
7 85 point 50.6190065 3.0808834
10 85 point 50.6446644 3.0498674
13 85 point 50.6230386 3.0836593
18 85 point 50.6400412 3.049105
19 85 point 50.6423392 3.0737734
22 85 point 50.6235707 3.0526415
30 85 point 50.633628 3.0585062
31 85 point 50.6182647 3.032802
32 85 point 50.6234556 3.0831352
33 85 point 50.6355188 3.0344658
38 85 point 50.6194103 3.081568
40 85 point 50.6355202 3.079983
41 85 point 50.62059 3.0519288
43 85 point 50.6298557 3.0690571
45 85 point 50.6375817 3.0513587
48 85 point 50.6333489 3.0744318
0 86 point 50.6204151 3.051788
7 86 point 50.6194636 3.0809445
10 86 point 50.6447087 3.0499556
13 86 point 50.6229945 3.0836125
18 86 disappearpoint 50.6405012 3.0486881
19 86 point 50.6421447 3.0739094
22 86 point 50.6231796 3.0526701
30 86 point 50.633161 3.0593675
31 86 point 50.6182943 3.0326077
32 86 point 50.6235053 3.083021
33 86 point 50.6356288 3.0347463
38 86 point 50.6190296 3.0816255
40 86 point 50.6354402 3.0797533
41 86 point 50.6204151 3.051788
43 86 point 50.6298859 3.0689691
45 86 point 50.6376541 3.0512718
48 86 point 50.6333233 3.0743766
0 87 point 50.620215 3.0516306
7 87 point 50.6197556 3.0810481
10 87 point 50.6448506 3.050249
13 87 point 50.6228044 3.0834212
19 87 point 50.6418552 3.0741078
22 87 point 50.6231431 3.0518835
30 87 point 50.6330421 3.0592617
31 87 point 50.6182893 3.0323855
32 87 point 50.6236202 3.0828016
33 87 point 50.6355222 3.0348739
38 87 point 50.6186569 3.0816615
40 87 point 50.6351948 3.0791501
41 87 point 50.620215 3.0516306
43 87 point 50.629899 3.068903
45 87 point 50.637707 3.0512083
48 87 point 50.6332803 3.0741773
0 88 point 50.6199392 3.0514078
7 88 point 50.6200991 3.081223
10 88 point 50.6448887 3.0503272
13 88 point 50.6223934 3.0830078
19 88 point 50.6416655 3.0742824
22 88 point 50.6237584 3.0515849
30 88 point 50.6323486 3.058122
31 88 point 50.6182561 3.0320307
32 88 point 50.6237107 3.0826492
33 88 point 50.6357518 3.0353861
38 88 point 50.6182551 3.0817511
40 88 point 50.634741 3.0795335
41 88 point 50.6199392 3.0514078
43 88 point 50.6299043 3.0688519
45 88 point 50.637898 3.0510399
48 88 point 50.6330189 3.0729669
0 89 point 50.6196796 3.0511849
7 89 point 50.6203322 3.0814083
10 89 point 50.6449485 3.0504501
13 89 point 50.6217227 3.0822994
19 89 point 50.6415833 3.0743743
22 89 point 50.6240241 3.0514579
30 89 point 50.6315179 3.0597398
31 89 point 50.6182283 3.0317563
32 89 point 50.6238351 3.082433
33 89 point 50.6358833 3.0353521
38 89 point 50.6186607 3.0817523
40 89 point 50.6345356 3.0797029
41 89 point 50.6196796 3.0511849
43 89 point 50.6299058 3.068803
45 89 point 50.6379345 3.0510189
48 89 point 50.6328572 3.0723125
0 90 point 50.6193541 3.0509202
7 90 point 50.6206916 3.081743
10 90 point 50.6450523 3.0506583
13 90 point 50.6212427 3.0816658
19 90 point 50.6414545 3.0745306
22 90 point 50.6247978 3.0510623
30 90 point 50.6322323 3.0607183
31 90 point 50.6182145 3.0315724
32 90 point 50.6239312 3.0822605
33 90 point 50.6356288 3.0347463
38 90 point 50.6188506 3.0817246
40 90 point 50.6343864 3.0800273
41 90 point 50.6193541 3.0509202
43 90 point 50.6299043 3.0687606
45 90 point 50.6381898 3.0508255
48 90 point 50.6328234 3.0723298
0 91 point 50.6191477 3.0507609
7 91 point 50.6208827 3.0819603
10 91 point 50.645091 3.050736
13 91 point 50.6207367 3.0809241
19 91 point 50.6411791 3.0749068
22 91 point 50.6248363 3.0510439
30 91 point 50.6322879 3.0607592
31 91 point 50.6181555 3.0310904
32 91 point 50.6239772 3.0821341
33 91 point 50.6355222 3.0348739
38 91 point 50.6191106 3.0817148
40 91 point 50.6342863 3.0804191
41 91 point 50.6191477 3.0507609
43 91 point 50.629897 3.0686976
45 91 point 50.6382494 3.050786
48 91 point 50.6324306 3.0725307
0 92 point 50.6188993 3.050552
7 92 point 50.6213355 3.0824954
10 92 point 50.6451459 3.0508492
13 92 point 50.6204164 3.0805738
19 92 point 50.6406176 3.075552
22 92 point 50.6257044 3.0506551
30 92 point 50.6322228 3.0608888
31 92 point 50.6180028 3.0299918
32 92 point 50.6239863 3.0820358
33 92 point 50.6357518 3.0353861
38 92 point 50.6196594 3.0817161
40 92 point 50.6342329 3.0807764
41 92 point 50.6188993 3.050552
43 92 point 50.6298923 3.0686722
45 92 point 50.6383412 3.0510496
48 92 point 50.6324021 3.0726446
0 93 point 50.6187899 3.0504703
7 93 point 50.6216866 3.0828732
10 93 point 50.644937 3.0510894
13 93 point 50.6201602 3.0804113
19 93 point 50.6404872 3.0757685
22 93 point 50.6263808 3.0502418
30 93 point 50.6321224 3.0610672
31 93 point 50.6180083 3.0298194
32 93 point 50.623986 3.0816144
33 93 point 50.6358833 3.0353521
38 93 point 50.6199529 3.08171
40 93 point 50.6342008 3.0811505
41 93 point 50.6187899 3.0504703
43 93 point 50.6298694 3.0685905
45 93 point 50.6383789 3.0510824
48 93 point 50.6323902 3.0734936
0 94 point 50.6184476 3.0501806
7 94 point 50.6209167 3.0821161
10 94 point 50.6449817 3.0511792
13 94 point 50.6199612 3.08038
19 94 point 50.6399328 3.0762988
22 94 point 50.6265604 3.0501306
30 94 point 50.6318027 3.061635
31 94 point 50.6179948 3.0297093
32 94 point 50.6239857 3.0812909
33 94 point 50.6356288 3.0347463
38 94 point 50.6201357 3.0818191
40 94 point 50.6341898 3.0815748
41 94 point 50.6184476 3.0501806
43 94 point 50.6298495 3.068543
45 94 point 50.6384453 3.0510618
48 94 point 50.6323276 3.0735605
0 95 point 50.6183576 3.0501044
7 95 point 50.6206222 3.0818412
10 95 point 50.6440767 3.0522919
13 95 point 50.6196148 3.0803797
19 95 point 50.6391882 3.0770111
22 95 point 50.6266801 3.0505257
30 95 point 50.6316489 3.0619082
31 95 point 50.6179851 3.0296328
32 95 point 50.6239938 3.0808739
33 95 point 50.6355222 3.0348739
38 95 point 50.620263 3.0819719
40 95 point 50.6341974 3.0821745
41 95 point 50.6183576 3.0501044
43 95 point 50.6298295 3.0685058
45 95 point 50.6385586 3.0510469
48 95 point 50.6322046 3.0735694
0 96 point 50.6180382 3.0498416
7 96 point 50.6204118 3.0816984
10 96 point 50.6433302 3.0532076
13 96 point 50.619367 3.0803934
19 96 point 50.637964 3.0782283
22 96 disappearpoint 50.6266757 3.0507407
30 96 point 50.6317016 3.0619811
31 96 point 50.6180563 3.0295901
32 96 point 50.6239959 3.0807865
33 96 point 50.6357518 3.0353861
38 96 point 50.6203402 3.0821302
40 96 point 50.6341979 3.0824658
41 96 point 50.6180382 3.0498416
43 96 point 50.6298108 3.0684776
45 96 point 50.6386632 3.0512462
48 96 point 50.6319369 3.0735889
0 97 point 50.6178358 3.0496529
7 97 point 50.6201173 3.0815635
10 97 point 50.6432259 3.0533356
13 97 point 50.6191169 3.0804299
19 97 point 50.6375244 3.0786266
30 97 point 50.6318528 3.0617021
31 97 point 50.6188782 3.0289695
32 97 point 50.6239932 3.0806328
33 97 point 50.6358833 3.0353521
38 97 point 50.62041 3.082385
40 97 point 50.6342345 3.0830211
41 97 point 50.6178358 3.0496529
43 97 point 50.6297881 3.0684494
45 97 point 50.6392526 3.0520107
48 97 point 50.6317429 3.0736809
0 98 point 50.6176583 3.0494979
7 98 point 50.6198503 3.0814833
10 98 point 50.6431155 3.0534392
13 98 point 50.6188392 3.0804933
19 98 point 50.636881 3.0792477
30 98 point 50.6321687 3.0611256
31 98 point 50.6189065 3.0288624
32 98 point 50.6240542 3.0806187
33 98 point 50.6359579 3.0353328
38 98 point 50.6204427 3.0827673
40 98 point 50.6343277 3.0836601
41 98 point 50.6176583 3.0494979
43 98 point 50.6297594 3.0684215
45 98 point 50.6395133 3.0521818
48 98 point 50.6317228 3.0739981
0 99 point 50.6175142 3.0493588
7 99 point 50.6193921 3.0814742
10 99 point 50.6430011 3.0534799
13 99 point 50.6185613 3.0805669
19 99 point 50.6365145 3.0795957
30 99 point 50.6322571 3.0609605
31 99 point 50.6187825 3.0280024
32 99 point 50.6244441 3.0805322
33 99 point 50.6360232 3.0352601
38 99 point 50.6203347 3.0822923
40 99 point 50.6344912 3.0843089
41 99 point 50.6175142 3.0493588
43 99 point 50.6297087 3.0683882
45 99 point 50.6397666 3.052196
48 99 point 50.6317969 3.0743973
0 100 point 50.6173491 3.0491824
7 100 point 50.6188268 3.0815071
10 100 point 50.642057 3.0535754
13 100 point 50.6181842 3.0806939
19 100 point 50.635634 3.0804578
30 100 point 50.6323396 3.0608305
31 100 point 50.6185972 3.0267408
32 100 point 50.624733 3.0804378
33 100 point 50.6356416 3.0343437
38 100 point 50.6202499 3.0821211
40 100 point 50.6346106 3.0846941
41 100 point 50.6173491 3.0491824
43 100 point 50.6296791 3.0683768
45 100 point 50.6397359 3.0515757
48 100 point 50.6319786 3.0753577
0 101 point 50.6171992 3.0489904
7 101 point 50.6184291 3.0815208
10 101 point 50.642262 3.0541143
13 101 point 50.6178497 3.0808472
19 101 point 50.6346504 3.0813976
30 101 point 50.6324556 3.060586
31 101 disappearpoint 50.6182488 3.0243943
32 101 point 50.6250114 3.080323
33 101 point 50.6357475 3.0342384
38 101 point 50.6201236 3.0819459
40 101 point 50.6346848 3.0848993
41 101 point 50.6171992 3.0489904
43 101 point 50.6296542 3.0683712
45 101 point 50.6417578 3.0516125
48 101 point 50.6320364 3.0757394
0 102 point 50.6170729 3.0487908
7 102 point 50.6181066 3.0815007
10 102 point 50.6414665 3.0547382
13 102 point 50.6175822 3.0810422
19 102 point 50.633977 3.0820219
30 102 point 50.6330881 3.0595019
32 102 point 50.6252982 3.0801748
33 102 point 50.6361031 3.0351712
38 102 point 50.6199564 3.081856
40 102 point 50.6348167 3.0852134
41 102 point 50.6170729 3.0487908
43 102 point 50.6296192 3.0683694
45 102 point 50.6416769 3.0511878
48 102 point 50.6320465 3.0760974
0 103 point 50.6169579 3.0485797
7 103 point 50.6178486 3.0814111
10 103 point 50.6419821 3.056488
13 103 point 50.6175458 3.0810701
19 103 point 50.6335801 3.0823077
30 103 point 50.633161 3.0593675
32 103 point 50.6253289 3.0801589
33 103 point 50.6360232 3.0352601
38 103 point 50.6196287 3.0818748
40 103 point 50.6351502 3.0859879
41 103 point 50.6169579 3.0485797
43 103 point 50.6295754 3.068377
45 103 point 50.6403404 3.0510156
48 103 point 50.632101 3.0766017
0 104 point 50.6168801 3.0484061
7 104 point 50.6175804 3.0812577
10 104 point 50.6427199 3.0559487
13 104 point 50.6172866 3.0812769
19 104 point 50.6332761 3.0824515
30 104 point 50.6332177 3.0594824
32 104 point 50.6257664 3.0799189
33 104 point 50.6356416 3.0343437
38 104 point 50.6188664 3.0819384
40 104 point 50.6351954 3.0860685
41 104 point 50.6168801 3.0484061
43 104 point 50.6295358 3.0683937
45 104 point 50.6403405 3.0506554
48 104 point 50.6312941 3.076985
0 105 point 50.6168173 3.048246
7 105 point 50.6173321 3.0810367
10 105 point 50.6429148 3.055806
13 105 point 50.6170321 3.0815329
19 105 point 50.6328892 3.0825191
30 105 point 50.6334821 3.0598936
32 105 point 50.6260958 3.0797694
33 105 point 50.6357475 3.0342384
38 105 point 50.6185681 3.0819468
40 105 point 50.6355525 3.0866139
41 105 point 50.6168173 3.048246
43 105 point 50.6294758 3.0684401
45 105 point 50.639722 3.0502929
48 105 point 50.6311452 3.0770586
0 106 point 50.6167649 3.0480679
7 106 point 50.6169659 3.0806529
10 106 point 50.6434615 3.0572442
13 106 point 50.6168599 3.0817413
19 106 point 50.6324576 3.082481
30 106 point 50.6336276 3.0602118
32 106 point 50.6261556 3.0797367
33 106 point 50.6358217 3.0341646
38 106 point 50.6183013 3.0819522
40 106 point 50.6357987 3.0868767
41 106 point 50.6167649 3.0480679
43 106 point 50.6294509 3.0684687
45 106 point 50.6397274 3.0509602
48 106 point 50.6311236 3.0769445
0 107 point 50.6167144 3.0478669
7 107 point 50.617293 3.081067
10 107 point 50.6439489 3.0585177
13 107 point 50.616561 3.0821337
19 107 point 50.6316462 3.0822975
30 107 point 50.6339882 3.0610793
32 107 point 50.626281 3.0796816
33 107 point 50.6361945 3.0350695
38 107 point 50.6180927 3.0819304
40 107 point 50.6359393 3.0869677
41 107 point 50.6167144 3.0478669
43 107 point 50.6294254 3.0685061
45 107 point 50.6403404 3.0510156
48 107 point 50.6310253 3.0764221
0 108 point 50.6166611 3.0476275
7 108 point 50.6176181 3.0814814
10 108 point 50.6440474 3.0583816
13 108 point 50.616356 3.0824292
19 108 point 50.6307544 3.0821133
30 108 point 50.6340716 3.0613114
32 108 point 50.626319 3.0798953
33 108 point 50.6363157 3.0349346
38 108 point 50.6178322 3.0817397
40 108 disappearpoint 50.6358181 3.0872901
41 108 point 50.6166611 3.0476275
43 108 point 50.6293941 3.0685688
45 108 point 50.6403405 3.0506554
48 108 point 50.6309357 3.0759775
0 109 point 50.6166233 3.0473521
7 109 point 50.6177293 3.0816407
10 109 point 50.644608 3.0576096
13 109 point 50.6160617 3.082899
19 109 point 50.6304012 3.0820529
30 109 point 50.6340937 3.0613897
32 109 point 50.6264291 3.0804232
33 109 point 50.6359317 3.0340553
38 109 point 50.6177293 3.0816407
41 109 point 50.6166233 3.0473521
43 109 point 50.6293756 3.068621
45 109 point 50.639722 3.0502929
48 109 point 50.6309082 3.0758494
0 110 point 50.6166082 3.0471226
7 110 point 50.6178322 3.0817397
10 110 point 50.6438778 3.0550975
13 110 point 50.6148818 3.0847041
19 110 point 50.6300141 3.0820454
30 110 point 50.6342384 3.0617001
32 110 point 50.6264855 3.0807205
33 110 disappearpoint 50.6360932 3.0338947
38 110 point 50.6176181 3.0814814
41 110 point 50.6166082 3.0471226
43 110 point 50.6293635 3.0686687
45 110 point 50.638812 3.0503511
48 110 point 50.6307775 3.0759401
0 111 point 50.616591 3.0468106
7 111 point 50.6180927 3.0819304
10 111 point 50.6447409 3.0544635
13 111 point 50.6158117 3.0828573
19 111 point 50.6297485 3.0820923
30 111 point 50.6343396 3.0617291
32 111 point 50.6265786 3.0811402
38 111 point 50.617293 3.081067
41 111 point 50.616591 3.0468106
43 111 point 50.6293535 3.0687314
45 111 disappearpoint 50.6394372 3.0495213
48 111 point 50.6307033 3.0759688
0 112 point 50.6165794 3.0463914
7 112 point 50.6183013 3.0819522
10 112 point 50.6453791 3.0565484
13 112 point 50.6159564 3.0824851
19 112 point 50.6294219 3.0822146
30 112 point 50.6343842 3.0617419
32 112 point 50.6266851 3.0816536
38 112 point 50.6169659 3.0806529
41 112 point 50.6165794 3.0463914
43 112 point 50.6293504 3.0687683
48 112 point 50.6301433 3.075708
0 113 disappearpoint 50.6165711 3.0459446
7 113 point 50.6185681 3.0819468
10 113 point 50.6458396 3.058056
13 113 point 50.6160714 3.0821182
19 113 point 50.6285186 3.0824083
30 113 point 50.634434 3.0617215
32 113 point 50.6267914 3.0821271
38 113 point 50.6173321 3.0810367
41 113 disappearpoint 50.6165711 3.0459446
43 113 point 50.629354 3.0688871
48 113 point 50.6302275 3.0756608
7 114 point 50.6188664 3.0819384
10 114 point 50.6467691 3.0573034
13 114 point 50.6161434 3.0818159
19 114 point 50.6279612 3.0825455
30 114 point 50.6344614 3.0616751
32 114 point 50.6268912 3.0824228
38 114 point 50.6175804 3.0812577
43 114 point 50.6284355 3.0689082
48 114 point 50.6308168 3.0753466
7 115 point 50.6196287 3.0818748
10 115 point 50.6462576 3.0555466
13 115 point 50.6162079 3.081454
19 115 point 50.6273681 3.0827021
30 115 point 50.6347363 3.0609454
32 115 point 50.6270021 3.0825789
38 115 point 50.6178486 3.0814111
43 115 point 50.6282595 3.0689256
48 115 point 50.6308837 3.0757133
7 116 point 50.6199564 3.081856
10 116 point 50.6472141 3.0551166
13 116 point 50.6162725 3.0809394
19 116 point 50.6271581 3.0826876
30 116 point 50.6346365 3.060721
32 116 point 50.6271581 3.0826876
38 116 point 50.6181066 3.0815007
43 116 point 50.6282572 3.0687128
48 116 point 50.6309082 3.0758494
7 117 point 50.6201236 3.0819459
10 117 point 50.6471933 3.0549567
13 117 disappearpoint 50.6162954 3.0806116
19 117 point 50.6270021 3.0825789
30 117 point 50.6341442 3.0612419
32 117 point 50.6273681 3.0827021
38 117 point 50.6184291 3.0815208
43 117 point 50.6282545 3.0683578
48 117 point 50.6307775 3.0759401
7 118 point 50.6202499 3.0821211
10 118 point 50.6465505 3.0544997
19 118 point 50.6268912 3.0824228
30 118 point 50.6340716 3.0613114
32 118 point 50.6279612 3.0825455
38 118 point 50.6188268 3.0815071
43 118 point 50.6282522 3.068222
48 118 point 50.6307924 3.0760608
7 119 point 50.6203347 3.0822923
10 119 point 50.6466976 3.0540036
19 119 point 50.6267914 3.0821271
30 119 point 50.6338514 3.0615355
32 119 point 50.6285186 3.0824083
38 119 point 50.6193921 3.0814742
43 119 point 50.6282539 3.0681211
48 119 point 50.6308009 3.0761596
7 120 point 50.6204427 3.0827673
10 120 point 50.6469051 3.05421
19 120 point 50.6266851 3.0816536
30 120 point 50.6337153 3.0616385
32 120 point 50.6294219 3.0822146
38 120 point 50.6198503 3.0814833
43 120 point 50.6282662 3.0679848
48 120 point 50.6307843 3.0762413
7 121 point 50.62041 3.082385
10 121 disappearpoint 50.646974 3.0543339
19 121 point 50.6265786 3.0811402
30 121 point 50.633504 3.0615853
32 121 point 50.6278319 3.0828452
38 121 point 50.6201173 3.0815635
43 121 point 50.6289929 3.0667139
48 121 point 50.6307369 3.0762578
7 122 point 50.6203402 3.0821302
19 122 point 50.6264855 3.0807205
30 122 point 50.6334863 3.0614701
32 122 point 50.6263776 3.0835296
38 122 point 50.6204118 3.0816984
43 122 point 50.6295777 3.0656422
48 122 point 50.6306871 3.0763024
7 123 point 50.620263 3.0819719
19 123 point 50.6264291 3.0804232
30 123 point 50.6334552 3.0613786
32 123 point 50.6255287 3.0839724
38 123 point 50.6206222 3.0818412
43 123 point 50.6299422 3.0649744
48 123 point 50.6302283 3.0760898
7 124 point 50.6201357 3.0818191
19 124 point 50.626319 3.0798953
30 124 point 50.6331829 3.0608342
32 124 point 50.6259324 3.0836907
38 124 point 50.6209167 3.0821161
43 124 point 50.6298705 3.0649007
48 124 point 50.6294575 3.0757266
7 125 point 50.6199529 3.08171
19 125 point 50.626281 3.0796816
30 125 point 50.6336276 3.0602118
32 125 point 50.6266048 3.0833243
38 125 point 50.6216866 3.0828732
43 125 point 50.6297791 3.0648647
48 125 point 50.6294421 3.0756505
7 126 point 50.6196594 3.0817161
19 126 point 50.6262507 3.0795312
30 126 point 50.6339882 3.0610793
32 126 point 50.6271831 3.0828751
38 126 point 50.6225763 3.0838307
43 126 point 50.6289932 3.0647578
48 126 point 50.6294801 3.0754057
7 127 point 50.6191106 3.0817148
19 127 point 50.6263475 3.0794845
30 127 point 50.6340716 3.0613114
32 127 point 50.6282622 3.0822751
38 127 point 50.6226522 3.0839074
43 127 point 50.6289111 3.0644528
48 127 point 50.6301433 3.075708
7 128 point 50.6188506 3.0817246
19 128 point 50.6263699 3.0794728
30 128 point 50.6340937 3.0613897
32 128 point 50.6287635 3.0820622
38 128 point 50.622846 3.0840752
43 128 point 50.6285084 3.0647208
48 128 point 50.6307033 3.0759688
7 129 point 50.6186607 3.0817523
19 129 point 50.6266521 3.0793089
30 129 point 50.6342384 3.0617001
32 129 point 50.6294831 3.0818906
38 129 point 50.6229975 3.0841974
43 129 point 50.6287547 3.0647367
48 129 point 50.6307775 3.0759401
7 130 point 50.6182551 3.0817511
19 130 point 50.6267882 3.0792414
30 130 point 50.634185 3.0616848
32 130 point 50.6299379 3.0818466
38 130 point 50.6233538 3.0844584
43 130 point 50.6285905 3.0650259
48 130 point 50.6307924 3.0760608
7 131 point 50.6181944 3.0817673
19 131 point 50.6278561 3.078702
30 131 point 50.634037 3.0616604
32 131 point 50.6302411 3.0818508
38 131 point 50.6236056 3.0845808
43 131 point 50.6278728 3.066326
48 131 point 50.6308009 3.0761596
7 132 point 50.6179808 3.0818484
19 132 point 50.6277758 3.0785464
30 132 point 50.6337153 3.0616385
32 132 point 50.6307497 3.0818963
38 132 point 50.6239044 3.084652
43 132 disappearpoint 50.6278042 3.0664118
48 132 point 50.6307843 3.0762413
7 133 point 50.617714 3.0819884
19 133 point 50.6276541 3.0779355
30 133 point 50.6338514 3.0615355
32 133 point 50.6313504 3.0820382
38 133 point 50.6243257 3.0847049
48 133 point 50.6307369 3.0762578
7 134 point 50.6174755 3.0821732
19 134 point 50.6278778 3.0777802
30 134 point 50.6340716 3.0613114
32 134 point 50.6318108 3.082111
38 134 point 50.6246006 3.0846793
48 134 point 50.6306871 3.0763024
7 135 point 50.61715 3.0825065
19 135 point 50.6282699 3.0776239
30 135 point 50.6340937 3.0613897
32 135 point 50.6321417 3.0822204
38 135 point 50.6248254 3.0846255
48 135 point 50.6302283 3.0760898
7 136 point 50.6158459 3.0840123
19 136 point 50.6283443 3.0781142
30 136 point 50.6342384 3.0617001
32 136 point 50.6323845 3.0823048
38 136 point 50.6251382 3.084505
48 136 point 50.6294575 3.0757266
7 137 point 50.6163027 3.083224
19 137 disappearpoint 50.6286981 3.0779757
30 137 point 50.6343396 3.0617291
32 137 point 50.632607 3.0824248
38 137 point 50.6264336 3.0838091
48 137 point 50.6294421 3.0756505
7 138 point 50.6164234 3.0830157
30 138 point 50.6343842 3.0617419
32 138 point 50.6328677 3.0826295
38 138 point 50.6265044 3.0837609
48 138 point 50.6294801 3.0754057
7 139 point 50.6167204 3.0824154
30 139 point 50.634434 3.0617215
32 139 point 50.6330581 3.0828542
38 139 point 50.6290646 3.0825953
48 139 point 50.6294341 3.0752132
7 140 point 50.616953 3.0820312
30 140 point 50.6344614 3.0616751
32 140 point 50.6332085 3.0830396
38 140 point 50.6292774 3.0825119
48 140 point 50.629217 3.0754158
7 141 point 50.6172038 3.0817033
30 141 point 50.6347363 3.0609454
32 141 point 50.6334255 3.0833598
38 141 point 50.6295906 3.0824432
48 141 point 50.6291926 3.0754386
7 142 point 50.6174683 3.0814418
30 142 point 50.6351011 3.0617659
32 142 point 50.6337126 3.0839872
38 142 point 50.6300077 3.0824151
48 142 point 50.6291024 3.0754623
7 143 point 50.6177903 3.0812176
30 143 point 50.6351263 3.0618226
32 143 point 50.6339335 3.084479
38 143 point 50.6303704 3.0824405
48 143 point 50.629122 3.0756253
7 144 point 50.6181344 3.081063
30 144 point 50.6352019 3.0619927
32 144 point 50.6342917 3.0853355
38 144 point 50.6307175 3.0824913
48 144 point 50.6291278 3.0756667
7 145 point 50.6184844 3.080947
30 145 point 50.6355001 3.0616385
32 145 point 50.6344546 3.0857108
38 145 point 50.6316148 3.082689
48 145 point 50.6292663 3.0765698
7 146 point 50.6187716 3.0808917
30 146 point 50.6355449 3.0616582
32 146 point 50.6345542 3.0859228
38 146 point 50.6321341 3.0828053
48 146 point 50.6293252 3.0769386
7 147 point 50.6190065 3.0808834
30 147 point 50.6355867 3.0616787
32 147 point 50.6345951 3.0859775
38 147 point 50.6325253 3.0829467
48 147 point 50.6293569 3.0771376
7 148 point 50.6194636 3.0809445
30 148 point 50.6356471 3.061734
32 148 point 50.6346744 3.0861258
38 148 point 50.6328717 3.0831932
48 148 point 50.6294225 3.0775488
7 149 point 50.6197556 3.0810481
30 149 point 50.6356821 3.0618011
32 149 point 50.634924 3.086555
38 149 point 50.633021 3.0833226
48 149 point 50.6294561 3.0777592
