name,latitude,longitude,timestamp
new_upthin.txt,37.72476,-122.46082,1212778793
new_upthin.txt,37.72116,-122.38999,1212778747
new_upthin.txt,37.72477,-122.46082,1212778732
new_upthin.txt,37.72115,-122.39,1212778712
new_upthin.txt,37.72478,-122.4608,1212778672
new_upthin.txt,37.72172,-122.39103,1212778666
new_upthin.txt,37.7248,-122.46083,1212778622
new_upthin.txt,37.72507,-122.39332,1212778601
new_upthin.txt,37.72345,-122.46124,1212778562
new_upthin.txt,37.72166,-122.46416,1212778492
new_upthin.txt,37.72863,-122.39297,1212778470
new_upthin.txt,37.7216,-122.47082,1212778431
new_upthin.txt,37.7294,-122.39386,1212778414
new_upthin.txt,37.72099,-122.47227,1212778373
new_upthin.txt,37.73027,-122.39978,1212778349
new_upthin.txt,37.71621,-122.4722,1212778314
new_upthin.txt,37.73083,-122.40217,1212778303
new_upthin.txt,37.70794,-122.47099,1212778253
new_upthin.txt,37.72708,-122.40187,1212778167
new_upthin.txt,37.67558,-122.46975,1212778122
new_upthin.txt,37.72386,-122.40082,1212778108
new_upthin.txt,37.66225,-122.4653,1212778065
new_upthin.txt,37.72255,-122.39571,1212778047
new_upthin.txt,37.65217,-122.45376,1212778018
new_upthin.txt,37.7269,-122.39369,1212777998
new_upthin.txt,37.64162,-122.44352,1212777974
new_upthin.txt,37.64162,-122.44352,1212777959
new_upthin.txt,37.7293,-122.39307,1212777927
new_upthin.txt,37.63005,-122.43422,1212777905
new_upthin.txt,37.6335,-122.41814,1212777854
new_upthin.txt,37.72734,-122.39682,1212777830
new_upthin.txt,37.63296,-122.40268,1212777789
new_upthin.txt,37.72779,-122.40168,1212777770
new_upthin.txt,37.61973,-122.39907,1212777733
new_upthin.txt,37.61554,-122.39723,1212777717
new_upthin.txt,37.61579,-122.39014,1212777658
new_upthin.txt,37.6158,-122.39014,1212777647
new_upthin.txt,37.70827,-122.39484,1212777632
new_upthin.txt,37.61576,-122.39009,1212777618
new_upthin.txt,37.69714,-122.39232,1212777579
new_upthin.txt,37.61581,-122.39014,1212777528
new_upthin.txt,37.68364,-122.38927,1212777523
new_upthin.txt,37.61576,-122.39021,1212777494
new_upthin.txt,37.67024,-122.39216,1212777468
new_upthin.txt,37.61461,-122.3898,1212777433
new_upthin.txt,37.66026,-122.40394,1212777418
new_upthin.txt,37.61525,-122.39857,1212777378
new_upthin.txt,37.65504,-122.40619,1212777358
new_upthin.txt,37.62826,-122.40292,1212777316
new_upthin.txt,37.65478,-122.40846,1212777297
new_upthin.txt,37.64134,-122.40617,1212777262
new_upthin.txt,37.65498,-122.40952,1212777242
new_upthin.txt,37.65487,-122.407,1212777210
new_upthin.txt,37.65499,-122.40953,1212777176
new_upthin.txt,37.66561,-122.39692,1212777161
new_upthin.txt,37.65499,-122.40953,1212777116
new_upthin.txt,37.67731,-122.38857,1212777110
new_upthin.txt,37.69048,-122.39117,1212777061
new_upthin.txt,37.65499,-122.40953,1212777056
new_upthin.txt,37.70383,-122.39417,1212777014
new_upthin.txt,37.65498,-122.40953,1212776996
new_upthin.txt,37.71682,-122.39917,1212776965
new_upthin.txt,37.65496,-122.40953,1212776944
new_upthin.txt,37.7296,-122.4038,1212776911
new_upthin.txt,37.65497,-122.40951,1212776886
new_upthin.txt,37.74296,-122.40655,1212776855
new_upthin.txt,37.655,-122.4095,1212776820
new_upthin.txt,37.75614,-122.40326,1212776804
new_upthin.txt,37.65495,-122.40953,1212776755
new_upthin.txt,37.76831,-122.40633,1212776743
new_upthin.txt,37.65498,-122.40953,1212776694
new_upthin.txt,37.76996,-122.42061,1212776683
new_upthin.txt,37.65497,-122.40953,1212776633
new_upthin.txt,37.77241,-122.42373,1212776621
new_upthin.txt,37.65498,-122.40953,1212776564
new_upthin.txt,37.77497,-122.42425,1212776561
new_upthin.txt,37.77581,-122.42353,1212776500
new_upthin.txt,37.77698,-122.42319,1212776440
new_upthin.txt,37.78224,-122.42413,1212776385
new_upthin.txt,37.65715,-122.41956,1212776332
new_upthin.txt,37.65711,-122.41957,1212776326
new_upthin.txt,37.78772,-122.42523,1212776320
new_upthin.txt,37.78927,-122.42563,1212776260
new_upthin.txt,37.79095,-122.42538,1212776200
new_upthin.txt,37.79115,-122.42319,1212776151
new_upthin.txt,37.79124,-122.4224,1212776091
new_upthin.txt,37.79135,-122.42239,1212776031
new_upthin.txt,37.79136,-122.42232,1212775971
new_upthin.txt,37.79137,-122.42232,1212775863
new_upthin.txt,37.79138,-122.42228,1212775802
new_upthin.txt,37.65514,-122.40992,1212775749
new_upthin.txt,37.79149,-122.42207,1212775742
new_upthin.txt,37.65476,-122.40824,1212775683
new_upthin.txt,37.79289,-122.42123,1212775681
new_upthin.txt,37.79494,-122.42172,1212775621
new_upthin.txt,37.65665,-122.40662,1212775618
new_upthin.txt,37.66671,-122.39586,1212775559
new_upthin.txt,37.67875,-122.38849,1212775512
new_upthin.txt,37.79448,-122.42583,1212775498
new_upthin.txt,37.69214,-122.39148,1212775458
new_upthin.txt,37.70578,-122.39456,1212775408
new_upthin.txt,37.71878,-122.39964,1212775360
new_upthin.txt,37.73167,-122.40477,1212775309
new_upthin.txt,37.74513,-122.4051,1212775253
new_irjfen.txt,37.7295,-122.40334,1212778785
new_irjfen.txt,37.71652,-122.39895,1212778733
new_irjfen.txt,37.70347,-122.3938,1212778698
new_irjfen.txt,37.69023,-122.39076,1212778637
new_irjfen.txt,37.67695,-122.38846,1212778591
new_irjfen.txt,37.66536,-122.39698,1212778545
new_irjfen.txt,37.6545,-122.40682,1212778496
new_irjfen.txt,37.64067,-122.40561,1212778441
new_irjfen.txt,37.63318,-122.40271,1212778418
new_irjfen.txt,37.62001,-122.39948,1212778357
new_irjfen.txt,37.61637,-122.38845,1212778292
new_irjfen.txt,37.6181,-122.38628,1212778237
new_irjfen.txt,37.61808,-122.38628,1212778224
new_irjfen.txt,37.61808,-122.38628,1212778219
new_irjfen.txt,37.61806,-122.38629,1212778217
new_irjfen.txt,37.61483,-122.3852,1212778173
new_irjfen.txt,37.61529,-122.38857,1212778103
new_irjfen.txt,37.61717,-122.39918,1212778047
new_irjfen.txt,37.62897,-122.40298,1212777993
new_irjfen.txt,37.64221,-122.40615,1212777925
new_irjfen.txt,37.65592,-122.40672,1212777874
new_irjfen.txt,37.66645,-122.39608,1212777821
new_irjfen.txt,37.67859,-122.38847,1212777769
new_irjfen.txt,37.692,-122.39143,1212777715
new_irjfen.txt,37.70522,-122.39441,1212777665
new_irjfen.txt,37.71811,-122.39943,1212777618
new_irjfen.txt,37.7311,-122.40448,1212777566
new_irjfen.txt,37.74461,-122.40532,1212777510
new_irjfen.txt,37.75787,-122.40458,1212777459
new_irjfen.txt,37.77104,-122.40607,1212777399
new_irjfen.txt,37.77549,-122.40589,1212777379
new_irjfen.txt,37.78275,-122.39712,1212777319
new_irjfen.txt,37.78485,-122.39626,1212777262
new_irjfen.txt,37.78783,-122.40033,1212777213
new_irjfen.txt,37.78852,-122.40057,1212777138
new_irjfen.txt,37.78862,-122.40066,1212777132
new_irjfen.txt,37.78621,-122.39791,1212777072
new_irjfen.txt,37.78554,-122.3972,1212777011
new_irjfen.txt,37.78563,-122.39716,1212776951
new_irjfen.txt,37.78583,-122.39682,1212776891
new_irjfen.txt,37.78526,-122.39645,1212776836
new_irjfen.txt,37.78326,-122.3936,1212776776
new_irjfen.txt,37.77956,-122.38991,1212776715
new_irjfen.txt,37.77585,-122.39412,1212776654
new_irjfen.txt,37.77226,-122.39794,1212776594
new_irjfen.txt,37.75959,-122.3922,1212776539
new_irjfen.txt,37.74625,-122.39387,1212776483
new_irjfen.txt,37.73898,-122.4009,1212776441
new_irjfen.txt,37.72665,-122.40242,1212776385
new_irjfen.txt,37.71391,-122.39689,1212776326
new_irjfen.txt,37.70089,-122.39317,1212776270
new_irjfen.txt,37.68757,-122.39012,1212776216
new_irjfen.txt,37.67424,-122.38947,1212776166
new_irjfen.txt,37.66327,-122.39965,1212776117
new_irjfen.txt,37.65106,-122.40664,1212776058
new_irjfen.txt,37.63762,-122.4042,1212776009
new_irjfen.txt,37.62464,-122.40063,1212775952
new_irjfen.txt,37.61525,-122.39393,1212775897
new_irjfen.txt,37.61572,-122.38996,1212775841
new_irjfen.txt,37.615,-122.3898,1212775771
new_irjfen.txt,37.61501,-122.3898,1212775770
new_irjfen.txt,37.61493,-122.38959,1212775753
new_irjfen.txt,37.61496,-122.38964,1212775679
new_irjfen.txt,37.61431,-122.39044,1212775615
new_irjfen.txt,37.61532,-122.39854,1212775550
new_irjfen.txt,37.62349,-122.40133,1212775519
new_irjfen.txt,37.63654,-122.40435,1212775468
new_irjfen.txt,37.64753,-122.40662,1212775424
new_irjfen.txt,37.66069,-122.40375,1212775376
new_irjfen.txt,37.67038,-122.39227,1212775326
new_irjfen.txt,37.68352,-122.38947,1212775275
new_irjfen.txt,37.69712,-122.39261,1212775229
new_adnerst.txt,37.78361,-122.39424,1212778765
new_adnerst.txt,37.78177,-122.39192,1212778706
new_adnerst.txt,37.77949,-122.39189,1212778644
new_adnerst.txt,37.7772,-122.39483,1212778584
new_adnerst.txt,37.77716,-122.39477,1212778576
new_adnerst.txt,37.78044,-122.39912,1212778518
new_adnerst.txt,37.78436,-122.39516,1212778455
new_adnerst.txt,37.78706,-122.39415,1212778397
new_adnerst.txt,37.7911,-122.39897,1212778333
new_adnerst.txt,37.79196,-122.39963,1212778288
new_adnerst.txt,37.79022,-122.40147,1212778239
new_adnerst.txt,37.78996,-122.40176,1212778237
new_adnerst.txt,37.78749,-122.40121,1212778185
new_adnerst.txt,37.78687,-122.40178,1212778161
new_adnerst.txt,37.78762,-122.40233,1212778101
new_adnerst.txt,37.78709,-122.40391,1212778042
new_adnerst.txt,37.78649,-122.40693,1212777984
new_adnerst.txt,37.78593,-122.40998,1212777920
new_adnerst.txt,37.78602,-122.41087,1212777862
new_adnerst.txt,37.7854,-122.41512,1212777801
new_adnerst.txt,37.78454,-122.42153,1212777739
new_adnerst.txt,37.78456,-122.42315,1212777684
new_adnerst.txt,37.78516,-122.42632,1212777617
new_adnerst.txt,37.78236,-122.43064,1212777560
new_adnerst.txt,37.78196,-122.43217,1212777499
new_adnerst.txt,37.78178,-122.43229,1212777489
new_adnerst.txt,37.78387,-122.43287,1212777431
new_adnerst.txt,37.78392,-122.43287,1212777429
new_adnerst.txt,37.78485,-122.42952,1212777373
new_adnerst.txt,37.78545,-122.42473,1212777313
new_adnerst.txt,37.78709,-122.42469,1212777257
new_adnerst.txt,37.78757,-122.42155,1212777199
new_adnerst.txt,37.78833,-122.41502,1212777135
new_adnerst.txt,37.78862,-122.41179,1212777095
new_adnerst.txt,37.79017,-122.41023,1212777035
new_adnerst.txt,37.79079,-122.40549,1212776974
new_adnerst.txt,37.79239,-122.40647,1212776914
new_adnerst.txt,37.79239,-122.40658,1212776909
new_adnerst.txt,37.79208,-122.40869,1212776880
new_adnerst.txt,37.79073,-122.41237,1212776815
new_adnerst.txt,37.78833,-122.41202,1212776755
new_adnerst.txt,37.78748,-122.41517,1212776695
new_adnerst.txt,37.78643,-122.42227,1212776636
new_adnerst.txt,37.78528,-122.42292,1212776574
new_adnerst.txt,37.77956,-122.42177,1212776513
new_adnerst.txt,37.77519,-122.42095,1212776454
new_adnerst.txt,37.77242,-122.42254,1212776396
new_adnerst.txt,37.77056,-122.4224,1212776347
new_adnerst.txt,37.76961,-122.42229,1212776285
new_adnerst.txt,37.76634,-122.42111,1212776225
new_adnerst.txt,37.76491,-122.42154,1212776199
new_adnerst.txt,37.76492,-122.42161,1212776196
new_adnerst.txt,37.76565,-122.42199,1212776132
new_adnerst.txt,37.77097,-122.42251,1212776049
new_adnerst.txt,37.77252,-122.42263,1212776007
new_adnerst.txt,37.774,-122.4208,1212775944
new_adnerst.txt,37.77577,-122.41952,1212775884
new_adnerst.txt,37.7776,-122.41967,1212775826
new_adnerst.txt,37.77844,-122.42003,1212775814
new_adnerst.txt,37.78096,-122.42037,1212775746
new_adnerst.txt,37.7827,-122.42062,1212775684
new_adnerst.txt,37.78444,-122.42124,1212775629
new_adnerst.txt,37.78483,-122.42805,1212775527
new_adnerst.txt,37.78433,-122.4314,1212775464
new_adnerst.txt,37.78442,-122.43168,1212775458
new_adnerst.txt,37.78332,-122.43292,1212775395
new_adnerst.txt,37.78211,-122.43244,1212775333
new_adnerst.txt,37.78222,-122.43085,1212775271
new_adnerst.txt,37.78278,-122.43096,1212775269
new_adnerst.txt,37.7842,-122.43286,1212775222
new_adnerst.txt,37.78419,-122.43313,1212775201
new_obheujvo.txt,37.79098,-122.40944,1212778794
new_obheujvo.txt,37.79101,-122.40812,1212778734
new_obheujvo.txt,37.79181,-122.40284,1212778674
new_obheujvo.txt,37.79261,-122.40378,1212778604
new_obheujvo.txt,37.79234,-122.40544,1212778591
new_obheujvo.txt,37.79209,-122.40778,1212778552
new_obheujvo.txt,37.79175,-122.41019,1212778520
new_obheujvo.txt,37.79162,-122.41124,1212778459
new_obheujvo.txt,37.79165,-122.41234,1212778398
new_obheujvo.txt,37.79157,-122.41229,1212778337
new_obheujvo.txt,37.79163,-122.41229,1212778277
new_obheujvo.txt,37.78946,-122.41182,1212778217
new_obheujvo.txt,37.78754,-122.41333,1212778157
new_obheujvo.txt,37.78676,-122.41936,1212778097
new_obheujvo.txt,37.78649,-122.42277,1212778037
new_obheujvo.txt,37.78606,-122.42533,1212777977
new_obheujvo.txt,37.7857,-122.42825,1212777957
new_obheujvo.txt,37.78506,-122.4312,1212777920
new_obheujvo.txt,37.78338,-122.43088,1212777837
new_obheujvo.txt,37.78274,-122.43091,1212777813
new_obheujvo.txt,37.78342,-122.43096,1212777761
new_obheujvo.txt,37.78252,-122.43097,1212777700
new_obheujvo.txt,37.78605,-122.4316,1212777649
new_obheujvo.txt,37.78681,-122.43342,1212777580
new_obheujvo.txt,37.78688,-122.43346,1212777557
new_obheujvo.txt,37.78688,-122.43346,1212777556
new_obheujvo.txt,37.78689,-122.43407,1212777526
new_obheujvo.txt,37.78606,-122.44094,1212777466
new_obheujvo.txt,37.785,-122.44775,1212777406
new_obheujvo.txt,37.78604,-122.45011,1212777353
new_obheujvo.txt,37.78649,-122.45363,1212777285
new_obheujvo.txt,37.78681,-122.45348,1212777225
new_obheujvo.txt,37.78718,-122.45539,1212777165
new_obheujvo.txt,37.78715,-122.45537,1212777163
new_obheujvo.txt,37.78701,-122.45604,1212777162
new_obheujvo.txt,37.78688,-122.45685,1212777140
new_obheujvo.txt,37.78583,-122.45688,1212777072
new_obheujvo.txt,37.78191,-122.45666,1212777020
new_obheujvo.txt,37.77724,-122.4551,1212776951
new_obheujvo.txt,37.77422,-122.45444,1212776891
new_obheujvo.txt,37.77282,-122.4542,1212776831
new_obheujvo.txt,37.77107,-122.45389,1212776771
new_obheujvo.txt,37.76518,-122.45273,1212776710
new_obheujvo.txt,37.76372,-122.45236,1212776649
new_obheujvo.txt,37.76317,-122.45098,1212776589
new_obheujvo.txt,37.7643,-122.45402,1212776539
new_obheujvo.txt,37.76312,-122.45895,1212776479
new_obheujvo.txt,37.76255,-122.46093,1212776419
new_obheujvo.txt,37.76099,-122.46179,1212776381
new_obheujvo.txt,37.75879,-122.4638,1212776320
new_obheujvo.txt,37.75384,-122.46375,1212776259
new_obheujvo.txt,37.74755,-122.45874,1212776200
new_obheujvo.txt,37.74534,-122.46156,1212776138
new_obheujvo.txt,37.74228,-122.46391,1212776085
new_obheujvo.txt,37.74081,-122.4658,1212776025
new_obheujvo.txt,37.74081,-122.4658,1212776024
new_obheujvo.txt,37.74086,-122.46583,1212775979
new_obheujvo.txt,37.73989,-122.46664,1212775919
new_obheujvo.txt,37.73776,-122.46912,1212775864
new_obheujvo.txt,37.73469,-122.47181,1212775797
new_obheujvo.txt,37.73458,-122.47408,1212775736
new_obheujvo.txt,37.73453,-122.47541,1212775676
new_obheujvo.txt,37.73423,-122.48411,1212775632
new_obheujvo.txt,37.73369,-122.48983,1212775556
new_obheujvo.txt,37.73341,-122.48982,1212775496
new_obheujvo.txt,37.73226,-122.48974,1212775457
new_obheujvo.txt,37.73283,-122.48809,1212775399
new_obheujvo.txt,37.73385,-122.49188,1212775323
new_obheujvo.txt,37.73356,-122.49452,1212775271
new_obheujvo.txt,37.73821,-122.49406,1212775217
new_uvburki.txt,37.62311,-122.40021,1212778728
new_uvburki.txt,37.61535,-122.39198,1212778673
new_uvburki.txt,37.61549,-122.39037,1212778666
new_uvburki.txt,37.61498,-122.39012,1212778641
new_uvburki.txt,37.61496,-122.39012,1212778625
new_uvburki.txt,37.61446,-122.39203,1212778574
new_uvburki.txt,37.61639,-122.3882,1212778505
new_uvburki.txt,37.61533,-122.38489,1212778448
new_uvburki.txt,37.61531,-122.3878,1212778391
new_uvburki.txt,37.61548,-122.38812,1212778171
new_uvburki.txt,37.61468,-122.39283,1212778119
new_uvburki.txt,37.61528,-122.38473,1212778030
new_uvburki.txt,37.61488,-122.3853,1212778004
new_uvburki.txt,37.61489,-122.3853,1212778002
new_uvburki.txt,37.61488,-122.38532,1212777961
new_uvburki.txt,37.61411,-122.3943,1212777851
new_uvburki.txt,37.62522,-122.40197,1212777776
new_uvburki.txt,37.63844,-122.40518,1212777726
new_uvburki.txt,37.65226,-122.4071,1212777679
new_uvburki.txt,37.66396,-122.39888,1212777646
new_uvburki.txt,37.67499,-122.38924,1212777583
new_uvburki.txt,37.68825,-122.39054,1212777530
new_uvburki.txt,37.70163,-122.39356,1212777480
new_uvburki.txt,37.7148,-122.39794,1212777434
new_uvburki.txt,37.72752,-122.40291,1212777399
new_uvburki.txt,37.7402,-122.40804,1212777344
new_uvburki.txt,37.75327,-122.40295,1212777306
new_uvburki.txt,37.76653,-122.40531,1212777256
new_uvburki.txt,37.77832,-122.40152,1212777198
new_uvburki.txt,37.77832,-122.40152,1212777180
new_uvburki.txt,37.78267,-122.39729,1212777120
new_uvburki.txt,37.78466,-122.39814,1212777060
new_uvburki.txt,37.78595,-122.39922,1212777007
new_uvburki.txt,37.78743,-122.40078,1212776945
new_uvburki.txt,37.78743,-122.40078,1212776934
new_uvburki.txt,37.78684,-122.40111,1212776921
new_uvburki.txt,37.78616,-122.4022,1212776883
new_uvburki.txt,37.78616,-122.4022,1212776864
new_uvburki.txt,37.78409,-122.40463,1212776804
new_uvburki.txt,37.78082,-122.40881,1212776744
new_uvburki.txt,37.77943,-122.41066,1212776717
new_uvburki.txt,37.77608,-122.41482,1212776656
new_uvburki.txt,37.77515,-122.41604,1212776636
new_uvburki.txt,37.77259,-122.41879,1212776552
new_uvburki.txt,37.76979,-122.41996,1212776497
new_uvburki.txt,37.76828,-122.42042,1212776419
new_uvburki.txt,37.76788,-122.42437,1212776359
new_uvburki.txt,37.7651,-122.42412,1212776346
new_uvburki.txt,37.76171,-122.42376,1212776283
new_uvburki.txt,37.76136,-122.42635,1212776227
new_uvburki.txt,37.76104,-122.42835,1212776162
new_uvburki.txt,37.75589,-122.42781,1212776095
new_uvburki.txt,37.75081,-122.42846,1212776035
new_uvburki.txt,37.75152,-122.43191,1212775975
new_uvburki.txt,37.75164,-122.43195,1212775962
new_uvburki.txt,37.75228,-122.43197,1212775898
new_uvburki.txt,37.75751,-122.43258,1212775838
new_uvburki.txt,37.76218,-122.43403,1212775772
new_uvburki.txt,37.76241,-122.43412,1212775764
new_uvburki.txt,37.76214,-122.43508,1212775737
new_uvburki.txt,37.76194,-122.43505,1212775691
new_uvburki.txt,37.76091,-122.43474,1212775670
new_uvburki.txt,37.76101,-122.43299,1212775664
new_uvburki.txt,37.76101,-122.43299,1212775589
new_uvburki.txt,37.76106,-122.43184,1212775553
new_uvburki.txt,37.76222,-122.42852,1212775481
new_uvburki.txt,37.76624,-122.42892,1212775423
new_uvburki.txt,37.76814,-122.42818,1212775370
new_uvburki.txt,37.77118,-122.42434,1212775301
new_uvburki.txt,37.77366,-122.42121,1212775246
new_utlurva.txt,37.78626,-122.38806,1212778785
new_utlurva.txt,37.79077,-122.39049,1212778725
new_utlurva.txt,37.79207,-122.3912,1212778666
new_utlurva.txt,37.79262,-122.39241,1212778605
new_utlurva.txt,37.79261,-122.39378,1212778555
new_utlurva.txt,37.79043,-122.39573,1212778488
new_utlurva.txt,37.78959,-122.39723,1212778431
new_utlurva.txt,37.78656,-122.40122,1212778370
new_utlurva.txt,37.78553,-122.4024,1212778304
new_utlurva.txt,37.78515,-122.40497,1212778251
new_utlurva.txt,37.78575,-122.40618,1212778193
new_utlurva.txt,37.78417,-122.40789,1212778122
new_utlurva.txt,37.78418,-122.40789,1212778108
new_utlurva.txt,37.78266,-122.41011,1212778048
new_utlurva.txt,37.78095,-122.412,1212777993
new_utlurva.txt,37.77952,-122.41458,1212777928
new_utlurva.txt,37.77694,-122.41736,1212777876
new_utlurva.txt,37.77873,-122.41831,1212777840
new_utlurva.txt,37.78035,-122.41876,1212777775
new_utlurva.txt,37.78092,-122.42092,1212777714
new_utlurva.txt,37.78077,-122.42241,1212777649
new_utlurva.txt,37.78046,-122.42483,1212777589
new_utlurva.txt,37.77973,-122.4305,1212777539
new_utlurva.txt,37.78014,-122.43211,1212777474
new_utlurva.txt,37.7811,-122.43238,1212777413
new_utlurva.txt,37.78242,-122.4342,1212777354
new_utlurva.txt,37.7831,-122.43305,1212777296
new_utlurva.txt,37.78311,-122.43305,1212777292
new_utlurva.txt,37.78316,-122.43305,1212777267
new_utlurva.txt,37.78292,-122.43276,1212777201
new_utlurva.txt,37.78141,-122.43238,1212777161
new_utlurva.txt,37.77946,-122.43225,1212777101
new_utlurva.txt,37.77725,-122.4315,1212777041
new_utlurva.txt,37.77515,-122.42915,1212776981
new_utlurva.txt,37.77562,-122.42536,1212776921
new_utlurva.txt,37.77642,-122.4229,1212776861
new_utlurva.txt,37.77649,-122.42292,1212776860
new_utlurva.txt,37.77665,-122.42297,1212776858
new_utlurva.txt,37.77672,-122.42299,1212776853
new_utlurva.txt,37.77672,-122.42299,1212776837
new_utlurva.txt,37.77673,-122.42295,1212776747
new_utlurva.txt,37.77674,-122.42296,1212776740
new_utlurva.txt,37.78133,-122.42392,1212776679
new_utlurva.txt,37.78711,-122.42516,1212776618
new_utlurva.txt,37.78758,-122.42854,1212776576
new_utlurva.txt,37.78663,-122.43638,1212776505
new_utlurva.txt,37.7857,-122.44372,1212776445
new_utlurva.txt,37.78478,-122.44875,1212776376
new_utlurva.txt,37.78681,-122.44996,1212776319
new_utlurva.txt,37.78682,-122.44695,1212776256
new_utlurva.txt,37.78706,-122.44715,1212776236
new_utlurva.txt,37.78706,-122.44715,1212776234
new_utlurva.txt,37.78714,-122.44723,1212776194
new_utlurva.txt,37.78544,-122.4464,1212776134
new_utlurva.txt,37.78264,-122.44543,1212776076
new_utlurva.txt,37.78305,-122.4421,1212776013
new_utlurva.txt,37.78475,-122.43173,1212775978
new_utlurva.txt,37.78475,-122.43173,1212775951
new_utlurva.txt,37.78569,-122.42496,1212775895
new_utlurva.txt,37.78616,-122.42486,1212775828
new_utlurva.txt,37.78868,-122.42532,1212775761
new_utlurva.txt,37.78945,-122.42166,1212775705
new_utlurva.txt,37.79046,-122.42088,1212775637
new_utlurva.txt,37.78941,-122.42243,1212775577
new_utlurva.txt,37.78914,-122.42283,1212775516
new_utlurva.txt,37.78925,-122.42268,1212775473
new_utlurva.txt,37.78949,-122.42232,1212775413
new_utlurva.txt,37.7894,-122.42249,1212775367
new_utlurva.txt,37.78986,-122.42183,1212775280
new_utlurva.txt,37.79013,-122.42141,1212775219
new_oivnabyo.txt,37.71952,-122.4388,1212778797
new_oivnabyo.txt,37.71968,-122.43871,1212778742
new_oivnabyo.txt,37.71968,-122.43871,1212778735
new_oivnabyo.txt,37.71964,-122.4387,1212778674
new_oivnabyo.txt,37.71962,-122.43869,1212778660
new_oivnabyo.txt,37.72514,-122.43454,1212778610
new_oivnabyo.txt,37.72894,-122.43117,1212778540
new_oivnabyo.txt,37.73324,-122.42687,1212778491
new_oivnabyo.txt,37.73996,-122.42356,1212778419
new_oivnabyo.txt,37.74137,-122.42269,1212778358
new_oivnabyo.txt,37.74189,-122.42233,1212778297
new_oivnabyo.txt,37.74454,-122.42056,1212778237
new_oivnabyo.txt,37.74819,-122.41776,1212778176
new_oivnabyo.txt,37.7483,-122.4135,1212778116
new_oivnabyo.txt,37.74877,-122.40979,1212778055
new_oivnabyo.txt,37.84351,-122.25636,1212778050
new_oivnabyo.txt,37.74946,-122.40981,1212777987
new_oivnabyo.txt,37.75034,-122.40985,1212777900
new_oivnabyo.txt,37.75129,-122.40666,1212777840
new_oivnabyo.txt,37.75178,-122.40565,1212777805
new_oivnabyo.txt,37.75349,-122.4044,1212777726
new_oivnabyo.txt,37.75236,-122.40346,1212777688
new_oivnabyo.txt,37.7525,-122.4034,1212777672
new_oivnabyo.txt,37.75433,-122.40598,1212777607
new_oivnabyo.txt,37.75856,-122.40688,1212777551
new_oivnabyo.txt,37.76097,-122.40713,1212777487
new_oivnabyo.txt,37.7625,-122.40732,1212777427
new_oivnabyo.txt,37.76963,-122.40897,1212777366
new_oivnabyo.txt,37.77358,-122.41546,1212777307
new_oivnabyo.txt,37.7761,-122.41995,1212777246
new_oivnabyo.txt,37.77606,-122.42146,1212777191
new_oivnabyo.txt,37.7796,-122.42351,1212777143
new_oivnabyo.txt,37.7816,-122.42397,1212777071
new_oivnabyo.txt,37.78752,-122.42523,1212777005
new_oivnabyo.txt,37.79098,-122.42584,1212776945
new_oivnabyo.txt,37.79256,-122.42644,1212776884
new_oivnabyo.txt,37.79201,-122.43088,1212776824
new_oivnabyo.txt,37.79088,-122.4325,1212776766
new_oivnabyo.txt,37.79088,-122.4325,1212776753
new_oivnabyo.txt,37.79044,-122.43234,1212776693
new_oivnabyo.txt,37.78927,-122.43142,1212776642
new_oivnabyo.txt,37.78979,-122.42681,1212776572
new_oivnabyo.txt,37.79038,-122.42362,1212776523
new_oivnabyo.txt,37.78645,-122.42326,1212776457
new_oivnabyo.txt,37.78649,-122.4232,1212776449
new_oivnabyo.txt,37.78462,-122.42265,1212776409
new_oivnabyo.txt,37.77905,-122.42193,1212776349
new_oivnabyo.txt,37.7753,-122.421,1212776287
new_oivnabyo.txt,37.77393,-122.42081,1212776226
new_oivnabyo.txt,37.77124,-122.42415,1212776166
new_oivnabyo.txt,37.7687,-122.42731,1212776105
new_oivnabyo.txt,37.76714,-122.42926,1212776045
new_oivnabyo.txt,37.76517,-122.43186,1212775985
new_oivnabyo.txt,37.76236,-122.43506,1212775931
new_oivnabyo.txt,37.76007,-122.43491,1212775864
new_oivnabyo.txt,37.75691,-122.43459,1212775755
new_oivnabyo.txt,37.757,-122.43468,1212775688
new_oivnabyo.txt,37.75698,-122.43467,1212775686
new_oivnabyo.txt,37.75659,-122.43463,1212775658
new_oivnabyo.txt,37.75659,-122.43462,1212775645
new_oivnabyo.txt,37.75658,-122.4346,1212775608
new_oivnabyo.txt,37.7565,-122.43468,1212775576
new_oivnabyo.txt,37.75653,-122.43456,1212775551
new_oivnabyo.txt,37.75662,-122.43466,1212775525
new_oivnabyo.txt,37.76031,-122.43501,1212775421
new_oivnabyo.txt,37.76043,-122.43492,1212775394
new_oivnabyo.txt,37.76131,-122.43509,1212775344
new_oivnabyo.txt,37.76234,-122.43523,1212775283
new_oivnabyo.txt,37.76234,-122.43524,1212775274
new_oivnabyo.txt,37.76451,-122.43283,1212775218
new_ainplin.txt,37.78304,-122.39357,1212778776
new_ainplin.txt,37.78477,-122.39472,1212778715
new_ainplin.txt,37.78771,-122.39406,1212778655
new_ainplin.txt,37.79202,-122.39882,1212778594
new_ainplin.txt,37.79191,-122.40053,1212778534
new_ainplin.txt,37.7952,-122.4016,1212778476
new_ainplin.txt,37.79507,-122.40329,1212778416
new_ainplin.txt,37.79675,-122.40501,1212778354
new_ainplin.txt,37.79846,-122.40747,1212778292
new_ainplin.txt,37.79951,-122.40908,1212778230
new_ainplin.txt,37.79987,-122.4098,1212778169
new_ainplin.txt,37.80006,-122.40998,1212778150
new_ainplin.txt,37.80132,-122.41176,1212778087
new_ainplin.txt,37.80346,-122.41483,1212778038
new_ainplin.txt,37.80529,-122.41744,1212777978
new_ainplin.txt,37.80599,-122.41818,1212777918
new_ainplin.txt,37.80626,-122.41696,1212777869
new_ainplin.txt,37.80656,-122.41373,1212777809
new_ainplin.txt,37.80764,-122.41236,1212777751
new_ainplin.txt,37.80797,-122.4104,1212777689
new_ainplin.txt,37.80789,-122.40856,1212777628
new_ainplin.txt,37.80763,-122.40784,1212777568
new_ainplin.txt,37.80761,-122.4078,1212777566
new_ainplin.txt,37.80717,-122.40656,1212777529
new_ainplin.txt,37.80654,-122.4053,1212777469
new_ainplin.txt,37.80642,-122.40512,1212777448
new_ainplin.txt,37.80642,-122.40511,1212777446
new_ainplin.txt,37.80642,-122.40511,1212777444
new_ainplin.txt,37.80505,-122.40348,1212777398
new_ainplin.txt,37.80393,-122.40334,1212777338
new_ainplin.txt,37.79854,-122.40231,1212777288
new_ainplin.txt,37.79753,-122.4106,1212777223
new_ainplin.txt,37.79604,-122.42026,1212777163
new_ainplin.txt,37.79405,-122.42137,1212777102
new_ainplin.txt,37.79095,-122.42082,1212777042
new_ainplin.txt,37.78874,-122.42045,1212776980
new_ainplin.txt,37.78769,-122.42155,1212776920
new_ainplin.txt,37.78769,-122.42074,1212776883
new_ainplin.txt,37.78836,-122.41506,1212776823
new_ainplin.txt,37.78881,-122.41204,1212776763
new_ainplin.txt,37.78994,-122.40558,1212776716
new_ainplin.txt,37.78925,-122.40525,1212776652
new_ainplin.txt,37.79111,-122.40168,1212776591
new_ainplin.txt,37.79032,-122.39969,1212776531
new_ainplin.txt,37.79033,-122.39963,1212776529
new_ainplin.txt,37.79199,-122.39707,1212776469
new_ainplin.txt,37.79323,-122.39655,1212776409
new_ainplin.txt,37.79326,-122.39657,1212776407
new_ainplin.txt,37.79401,-122.39704,1212776347
new_ainplin.txt,37.79421,-122.39729,1212776326
new_ainplin.txt,37.79421,-122.39729,1212776325
new_ainplin.txt,37.79456,-122.39939,1212776289
new_ainplin.txt,37.79213,-122.40354,1212776228
new_ainplin.txt,37.79224,-122.4043,1212776171
new_ainplin.txt,37.79067,-122.4034,1212776106
new_ainplin.txt,37.78852,-122.40674,1212776047
new_ainplin.txt,37.78849,-122.40701,1212776013
new_ainplin.txt,37.78768,-122.41161,1212775955
new_ainplin.txt,37.78786,-122.41175,1212775892
new_ainplin.txt,37.78726,-122.41761,1212775831
new_ainplin.txt,37.78621,-122.42486,1212775771
new_ainplin.txt,37.78572,-122.4285,1212775710
new_ainplin.txt,37.78503,-122.43378,1212775650
new_ainplin.txt,37.78404,-122.4412,1212775591
new_ainplin.txt,37.78347,-122.43955,1212775529
new_ainplin.txt,37.78622,-122.44011,1212775474
new_ainplin.txt,37.78788,-122.44172,1212775413
new_ainplin.txt,37.78741,-122.44536,1212775353
new_ainplin.txt,37.78719,-122.44729,1212775293
new_ainplin.txt,37.78644,-122.45287,1212775233
new_aysmsla.txt,37.77696,-122.40811,1212778773
new_aysmsla.txt,37.77288,-122.40645,1212778722
new_aysmsla.txt,37.76592,-122.40483,1212778653
new_aysmsla.txt,37.75292,-122.40281,1212778600
new_aysmsla.txt,37.74024,-122.40791,1212778534
new_aysmsla.txt,37.72718,-122.40239,1212778475
new_aysmsla.txt,37.71438,-122.3974,1212778424
new_aysmsla.txt,37.70127,-122.39327,1212778370
new_aysmsla.txt,37.68806,-122.39028,1212778319
new_aysmsla.txt,37.67441,-122.38933,1212778270
new_aysmsla.txt,37.66359,-122.39922,1212778232
new_aysmsla.txt,37.65593,-122.40655,1212778192
new_aysmsla.txt,37.64239,-122.40595,1212778143
new_aysmsla.txt,37.62947,-122.40192,1212778091
new_aysmsla.txt,37.61644,-122.39776,1212778045
new_aysmsla.txt,37.61563,-122.39038,1212777975
new_aysmsla.txt,37.61529,-122.39015,1212777959
new_aysmsla.txt,37.61399,-122.39191,1212777907
new_aysmsla.txt,37.61748,-122.38705,1212777852
new_aysmsla.txt,37.61505,-122.3862,1212777796
new_aysmsla.txt,37.61642,-122.3861,1212777600
new_aysmsla.txt,37.61519,-122.38854,1212777524
new_aysmsla.txt,37.61613,-122.38891,1212777469
new_aysmsla.txt,37.61791,-122.38544,1212777434
new_aysmsla.txt,37.61791,-122.38544,1212777418
new_aysmsla.txt,37.61791,-122.38544,1212777406
new_aysmsla.txt,37.61791,-122.3854,1212777380
new_aysmsla.txt,37.6179,-122.3854,1212777319
new_aysmsla.txt,37.61788,-122.38543,1212777304
new_aysmsla.txt,37.61503,-122.3903,1212777239
new_aysmsla.txt,37.61957,-122.39995,1212777179
new_aysmsla.txt,37.62447,-122.40165,1212777156
new_aysmsla.txt,37.63778,-122.40486,1212777111
new_aysmsla.txt,37.65115,-122.40694,1212777047
new_aysmsla.txt,37.66321,-122.4,1212777003
new_aysmsla.txt,37.67433,-122.38957,1212776952
new_aysmsla.txt,37.6814,-122.38898,1212776928
new_aysmsla.txt,37.69463,-122.39197,1212776881
new_aysmsla.txt,37.70782,-122.39488,1212776837
new_aysmsla.txt,37.72055,-122.4001,1212776796
new_aysmsla.txt,37.73327,-122.40564,1212776730
new_aysmsla.txt,37.747,-122.40453,1212776674
new_aysmsla.txt,37.76056,-122.40642,1212776611
new_aysmsla.txt,37.77449,-122.40655,1212776552
new_aysmsla.txt,37.7812,-122.4002,1212776501
new_aysmsla.txt,37.78444,-122.40454,1212776440
new_aysmsla.txt,37.78578,-122.40658,1212776372
new_aysmsla.txt,37.7869,-122.40705,1212776310
new_aysmsla.txt,37.78669,-122.41087,1212776259
new_aysmsla.txt,37.78712,-122.4112,1212776249
new_aysmsla.txt,37.78664,-122.41103,1212776234
new_aysmsla.txt,37.78446,-122.41047,1212776218
new_aysmsla.txt,37.78396,-122.41034,1212776171
new_aysmsla.txt,37.78396,-122.41034,1212776158
new_aysmsla.txt,37.78454,-122.41049,1212776103
new_aysmsla.txt,37.78379,-122.41032,1212776038
new_aysmsla.txt,37.78368,-122.41047,1212775984
new_aysmsla.txt,37.78362,-122.41044,1212775918
new_aysmsla.txt,37.78364,-122.41037,1212775859
new_aysmsla.txt,37.78351,-122.41039,1212775798
new_aysmsla.txt,37.78391,-122.41044,1212775736
new_aysmsla.txt,37.78299,-122.41045,1212775675
new_aysmsla.txt,37.78448,-122.41034,1212775616
new_aysmsla.txt,37.78605,-122.4107,1212775555
new_aysmsla.txt,37.78599,-122.4097,1212775495
new_aysmsla.txt,37.78594,-122.4109,1212775436
new_aysmsla.txt,37.78594,-122.41107,1212775411
new_aysmsla.txt,37.78556,-122.41093,1212775362
new_aysmsla.txt,37.78603,-122.41079,1212775294
new_aysmsla.txt,37.7863,-122.41076,1212775228
new_agivle.txt,37.79328,-122.39695,1212778742
new_agivle.txt,37.79352,-122.39695,1212778698
new_agivle.txt,37.7933,-122.39679,1212778645
new_agivle.txt,37.79476,-122.39772,1212778611
new_agivle.txt,37.79487,-122.40047,1212778551
new_agivle.txt,37.79561,-122.40336,1212778491
new_agivle.txt,37.79611,-122.40351,1212778430
new_agivle.txt,37.79603,-122.4035,1212778426
new_agivle.txt,37.79587,-122.40362,1212778424
new_agivle.txt,37.79246,-122.40458,1212778365
new_agivle.txt,37.79058,-122.40426,1212778304
new_agivle.txt,37.78999,-122.40889,1212778244
new_agivle.txt,37.78944,-122.41325,1212778183
new_agivle.txt,37.78867,-122.42017,1212778123
new_agivle.txt,37.78836,-122.42274,1212778062
new_agivle.txt,37.78597,-122.42314,1212778002
new_agivle.txt,37.78094,-122.42209,1212777941
new_agivle.txt,37.77698,-122.42132,1212777881
new_agivle.txt,37.77487,-122.424,1212777821
new_agivle.txt,37.77392,-122.431,1212777761
new_agivle.txt,37.77343,-122.43588,1212777701
new_agivle.txt,37.77356,-122.43585,1212777640
new_agivle.txt,37.77439,-122.43532,1212777580
new_agivle.txt,37.77436,-122.43529,1212777569
new_agivle.txt,37.77429,-122.43515,1212777503
new_agivle.txt,37.77447,-122.43445,1212777476
new_agivle.txt,37.77528,-122.4362,1212777416
new_agivle.txt,37.77699,-122.4368,1212777366
new_agivle.txt,37.77646,-122.44094,1212777314
new_agivle.txt,37.77629,-122.44265,1212777251
new_agivle.txt,37.77618,-122.44301,1212777224
new_agivle.txt,37.77611,-122.44309,1212777217
new_agivle.txt,37.77353,-122.44182,1212777157
new_agivle.txt,37.77446,-122.43449,1212777112
new_agivle.txt,37.77549,-122.4262,1212777036
new_agivle.txt,37.77694,-122.422,1212776976
new_agivle.txt,37.77762,-122.41749,1212776915
new_agivle.txt,37.77685,-122.41549,1212776855
new_agivle.txt,37.77319,-122.41096,1212776794
new_agivle.txt,37.77118,-122.40841,1212776738
new_agivle.txt,37.76984,-122.40707,1212776684
new_agivle.txt,37.76983,-122.40429,1212776617
new_agivle.txt,37.76768,-122.40184,1212776562
new_agivle.txt,37.76618,-122.39783,1212776496
new_agivle.txt,37.76374,-122.39816,1212776436
new_agivle.txt,37.76382,-122.39808,1212776399
new_agivle.txt,37.76399,-122.39422,1212776345
new_agivle.txt,37.76479,-122.39349,1212776284
new_agivle.txt,37.77462,-122.40098,1212776224
new_agivle.txt,37.77596,-122.39963,1212776165
new_agivle.txt,37.77314,-122.39905,1212776103
new_agivle.txt,37.76256,-122.39254,1212776043
new_agivle.txt,37.75503,-122.39191,1212776012
new_agivle.txt,37.74689,-122.39354,1212775978
new_agivle.txt,37.73617,-122.40392,1212775956
new_agivle.txt,37.73033,-122.40358,1212775895
new_agivle.txt,37.71739,-122.39896,1212775840
new_agivle.txt,37.70437,-122.39392,1212775786
new_agivle.txt,37.69126,-122.39096,1212775735
new_agivle.txt,37.67792,-122.38826,1212775688
new_agivle.txt,37.66614,-122.39611,1212775632
new_agivle.txt,37.65553,-122.40663,1212775585
new_agivle.txt,37.64231,-122.40592,1212775527
new_agivle.txt,37.62884,-122.40225,1212775469
new_agivle.txt,37.61627,-122.39803,1212775409
new_agivle.txt,37.61649,-122.38819,1212775363
new_agivle.txt,37.61518,-122.38481,1212775289
new_agivle.txt,37.61474,-122.38619,1212775229
new_agivle.txt,37.61475,-122.38623,1212775227
new_arphaud.txt,37.76505,-122.43186,1212778765
new_arphaud.txt,37.76508,-122.4318,1212778706
new_arphaud.txt,37.76466,-122.43289,1212778646
new_arphaud.txt,37.7668,-122.42988,1212778587
new_arphaud.txt,37.76801,-122.42907,1212778519
new_arphaud.txt,37.77057,-122.42849,1212778471
new_arphaud.txt,37.77259,-122.42886,1212778406
new_arphaud.txt,37.77474,-122.42936,1212778345
new_arphaud.txt,37.7761,-122.42456,1212778292
new_arphaud.txt,37.77663,-122.42462,1212778281
new_arphaud.txt,37.77696,-122.42307,1212778222
new_arphaud.txt,37.77916,-122.42353,1212778161
new_arphaud.txt,37.78008,-122.42048,1212778109
new_arphaud.txt,37.78015,-122.42037,1212778091
new_arphaud.txt,37.78137,-122.41882,1212778030
new_arphaud.txt,37.78244,-122.41676,1212777969
new_arphaud.txt,37.78563,-122.41637,1212777909
new_arphaud.txt,37.78642,-122.41541,1212777848
new_arphaud.txt,37.78719,-122.40932,1212777788
new_arphaud.txt,37.78855,-122.40696,1212777727
new_arphaud.txt,37.78829,-122.40903,1212777667
new_arphaud.txt,37.78806,-122.40957,1212777609
new_arphaud.txt,37.78814,-122.4096,1212777547
new_arphaud.txt,37.78814,-122.4096,1212777542
new_arphaud.txt,37.78814,-122.4096,1212777538
new_arphaud.txt,37.78801,-122.41004,1212777512
new_arphaud.txt,37.78789,-122.41041,1212777483
new_arphaud.txt,37.78464,-122.42285,1212777280
new_arphaud.txt,37.78356,-122.42257,1212777238
new_arphaud.txt,37.77813,-122.42147,1212777178
new_arphaud.txt,37.77467,-122.42081,1212777118
new_arphaud.txt,37.77065,-122.42482,1212777061
new_arphaud.txt,37.76878,-122.42709,1212777000
new_arphaud.txt,37.76726,-122.42888,1212776938
new_arphaud.txt,37.76677,-122.42889,1212776878
new_arphaud.txt,37.76437,-122.42863,1212776818
new_arphaud.txt,37.76149,-122.42838,1212776773
new_arphaud.txt,37.76149,-122.42838,1212776758
new_arphaud.txt,37.75765,-122.42799,1212776728
new_arphaud.txt,37.75765,-122.42799,1212776698
new_arphaud.txt,37.75368,-122.4276,1212776637
new_arphaud.txt,37.75161,-122.42881,1212776576
new_arphaud.txt,37.74983,-122.42948,1212776516
new_arphaud.txt,37.74838,-122.42887,1212776470
new_arphaud.txt,37.74841,-122.42882,1212776447
new_arphaud.txt,37.74851,-122.42875,1212776387
new_arphaud.txt,37.7485,-122.42874,1212776327
new_arphaud.txt,37.74841,-122.42841,1212776267
new_arphaud.txt,37.74606,-122.42692,1212776207
new_arphaud.txt,37.74375,-122.42656,1212776174
new_arphaud.txt,37.74399,-122.42171,1212776121
new_arphaud.txt,37.74362,-122.42117,1212776053
new_arphaud.txt,37.74342,-122.42125,1212776037
new_arphaud.txt,37.74337,-122.42129,1212775977
new_arphaud.txt,37.74333,-122.4213,1212775919
new_arphaud.txt,37.74327,-122.42131,1212775872
new_arphaud.txt,37.74333,-122.42127,1212775799
new_arphaud.txt,37.74001,-122.42342,1212775751
new_arphaud.txt,37.74001,-122.42342,1212775739
new_arphaud.txt,37.73637,-122.42428,1212775679
new_arphaud.txt,37.73581,-122.42453,1212775661
new_arphaud.txt,37.7356,-122.42294,1212775601
new_arphaud.txt,37.7356,-122.42295,1212775600
new_arphaud.txt,37.73625,-122.42442,1212775557
new_arphaud.txt,37.73976,-122.42368,1212775497
new_arphaud.txt,37.74307,-122.42147,1212775437
new_arphaud.txt,37.74631,-122.41939,1212775377
new_arphaud.txt,37.74918,-122.41816,1212775316
new_arphaud.txt,37.75241,-122.41847,1212775256
new_auctjir.txt,37.79117,-122.39652,1212778790
new_auctjir.txt,37.79108,-122.39639,1212778730
new_auctjir.txt,37.79121,-122.39629,1212778671
new_auctjir.txt,37.79115,-122.39632,1212778610
new_auctjir.txt,37.79036,-122.39732,1212778550
new_auctjir.txt,37.78962,-122.39825,1212778490
new_auctjir.txt,37.79093,-122.3999,1212778429
new_auctjir.txt,37.79075,-122.40247,1212778373
new_auctjir.txt,37.7906,-122.40399,1212778317
new_auctjir.txt,37.79017,-122.40787,1212778248
new_auctjir.txt,37.78995,-122.41201,1212778186
new_auctjir.txt,37.78953,-122.41174,1212778157
new_auctjir.txt,37.78888,-122.40852,1212778094
new_auctjir.txt,37.78886,-122.40851,1212778085
new_auctjir.txt,37.78993,-122.40992,1212778030
new_auctjir.txt,37.78962,-122.41371,1212777970
new_auctjir.txt,37.79075,-122.41394,1212777942
new_auctjir.txt,37.79215,-122.4143,1212777883
new_auctjir.txt,37.79539,-122.41488,1212777823
new_auctjir.txt,37.79785,-122.41454,1212777762
new_auctjir.txt,37.79788,-122.41453,1212777702
new_auctjir.txt,37.79785,-122.41433,1212777652
new_auctjir.txt,37.79785,-122.41447,1212777621
new_auctjir.txt,37.79659,-122.41512,1212777569
new_auctjir.txt,37.79702,-122.41329,1212777500
new_auctjir.txt,37.79814,-122.41222,1212777440
new_auctjir.txt,37.7975,-122.40966,1212777380
new_auctjir.txt,37.79776,-122.40849,1212777360
new_auctjir.txt,37.79805,-122.40866,1212777299
new_auctjir.txt,37.79804,-122.40868,1212777297
new_auctjir.txt,37.79885,-122.40885,1212777250
new_auctjir.txt,37.79956,-122.40944,1212777190
new_auctjir.txt,37.80006,-122.40995,1212777130
new_auctjir.txt,37.80201,-122.41278,1212777070
new_auctjir.txt,37.80281,-122.41296,1212777014
new_auctjir.txt,37.80441,-122.41336,1212776955
new_auctjir.txt,37.80783,-122.41411,1212776879
new_auctjir.txt,37.80739,-122.41393,1212776826
new_auctjir.txt,37.8076,-122.41312,1212776771
new_auctjir.txt,37.80836,-122.40989,1212776706
new_auctjir.txt,37.80836,-122.40989,1212776644
new_auctjir.txt,37.80836,-122.4099,1212776632
new_auctjir.txt,37.80841,-122.40987,1212776562
new_auctjir.txt,37.80841,-122.40987,1212776520
new_auctjir.txt,37.80842,-122.40986,1212776456
new_auctjir.txt,37.80837,-122.40987,1212776395
new_auctjir.txt,37.80839,-122.40987,1212776334
new_auctjir.txt,37.808,-122.40873,1212776291
new_auctjir.txt,37.8074,-122.40706,1212776253
new_auctjir.txt,37.8071,-122.40618,1212776188
new_auctjir.txt,37.8071,-122.40618,1212776187
new_auctjir.txt,37.807,-122.40624,1212776159
new_auctjir.txt,37.80618,-122.40472,1212776099
new_auctjir.txt,37.80482,-122.40356,1212776038
new_auctjir.txt,37.80393,-122.40332,1212775982
new_auctjir.txt,37.79836,-122.40213,1212775917
new_auctjir.txt,37.79415,-122.40249,1212775862
new_auctjir.txt,37.79197,-122.40101,1212775797
new_auctjir.txt,37.79054,-122.40041,1212775739
new_auctjir.txt,37.79082,-122.39833,1212775683
new_auctjir.txt,37.79112,-122.39893,1212775658
new_auctjir.txt,37.79038,-122.39992,1212775598
new_auctjir.txt,37.78989,-122.40225,1212775538
new_auctjir.txt,37.7907,-122.40281,1212775478
new_auctjir.txt,37.7907,-122.40281,1212775476
new_auctjir.txt,37.79062,-122.40516,1212775432
new_auctjir.txt,37.78969,-122.4124,1212775373
new_auctjir.txt,37.78917,-122.41714,1212775313
new_auctjir.txt,37.78888,-122.4186,1212775252
new_evjoko.txt,37.77326,-122.41829,1212778781
new_evjoko.txt,37.77452,-122.41674,1212778721
new_evjoko.txt,37.77672,-122.41399,1212778666
new_evjoko.txt,37.77789,-122.41264,1212778606
new_evjoko.txt,37.78136,-122.40823,1212778541
new_evjoko.txt,37.78429,-122.40851,1212778481
new_evjoko.txt,37.78426,-122.40852,1212778480
new_evjoko.txt,37.78395,-122.40915,1212778478
new_evjoko.txt,37.78402,-122.40913,1212778424
new_evjoko.txt,37.78432,-122.40983,1212778356
new_evjoko.txt,37.78569,-122.40906,1212778296
new_evjoko.txt,37.7872,-122.41013,1212778235
new_evjoko.txt,37.7898,-122.41045,1212778175
new_evjoko.txt,37.78918,-122.41591,1212778114
new_evjoko.txt,37.78847,-122.4213,1212778054
new_evjoko.txt,37.7878,-122.42717,1212777993
new_evjoko.txt,37.78708,-122.43277,1212777933
new_evjoko.txt,37.78718,-122.43351,1212777873
new_evjoko.txt,37.78876,-122.43385,1212777812
new_evjoko.txt,37.78876,-122.43385,1212777808
new_evjoko.txt,37.78977,-122.43403,1212777766
new_evjoko.txt,37.79,-122.43237,1212777710
new_evjoko.txt,37.78987,-122.43058,1212777645
new_evjoko.txt,37.78982,-122.43061,1212777632
new_evjoko.txt,37.78982,-122.43061,1212777620
new_evjoko.txt,37.78956,-122.43057,1212777592
new_evjoko.txt,37.78998,-122.42542,1212777532
new_evjoko.txt,37.78605,-122.42306,1212777473
new_evjoko.txt,37.78003,-122.42193,1212777412
new_evjoko.txt,37.7749,-122.42093,1212777366
new_evjoko.txt,37.77271,-122.42233,1212777305
new_evjoko.txt,37.77046,-122.4246,1212777241
new_evjoko.txt,37.765,-122.42412,1212777180
new_evjoko.txt,37.76153,-122.42418,1212777119
new_evjoko.txt,37.76086,-122.42512,1212777062
new_evjoko.txt,37.76082,-122.42517,1212777036
new_evjoko.txt,37.75984,-122.425,1212776915
new_evjoko.txt,37.76127,-122.42799,1212776855
new_evjoko.txt,37.7612,-122.4292,1212776795
new_evjoko.txt,37.76081,-122.43275,1212776735
new_evjoko.txt,37.76025,-122.43262,1212776708
new_evjoko.txt,37.7603,-122.4317,1212776647
new_evjoko.txt,37.7603,-122.4317,1212776644
new_evjoko.txt,37.76027,-122.43186,1212776618
new_evjoko.txt,37.76273,-122.43299,1212776558
new_evjoko.txt,37.76465,-122.43319,1212776509
new_evjoko.txt,37.76782,-122.43349,1212776436
new_evjoko.txt,37.77062,-122.43526,1212776376
new_evjoko.txt,37.77273,-122.43561,1212776315
new_evjoko.txt,37.77296,-122.43571,1212776242
new_evjoko.txt,37.77241,-122.43727,1212776182
new_evjoko.txt,37.7737,-122.4376,1212776121
new_evjoko.txt,37.775,-122.43781,1212776102
new_evjoko.txt,37.77598,-122.43816,1212776056
new_evjoko.txt,37.78094,-122.43907,1212775995
new_evjoko.txt,37.78386,-122.43954,1212775935
new_evjoko.txt,37.78481,-122.43976,1212775885
new_evjoko.txt,37.78545,-122.43836,1212775821
new_evjoko.txt,37.78597,-122.43407,1212775755
new_evjoko.txt,37.78721,-122.43351,1212775694
new_evjoko.txt,37.78814,-122.43373,1212775634
new_evjoko.txt,37.7886,-122.43604,1212775579
new_evjoko.txt,37.78798,-122.44084,1212775514
new_evjoko.txt,37.78897,-122.4409,1212775454
new_evjoko.txt,37.78897,-122.44089,1212775448
new_evjoko.txt,37.79044,-122.44094,1212775388
new_evjoko.txt,37.79375,-122.44159,1212775328
new_evjoko.txt,37.79767,-122.44242,1212775273
new_evjoko.txt,37.79966,-122.43754,1212775208
new_oipial.txt,37.78934,-122.40708,1212778798
new_oipial.txt,37.7904,-122.40594,1212778744
new_oipial.txt,37.7897,-122.41203,1212778679
new_oipial.txt,37.78926,-122.41558,1212778615
new_oipial.txt,37.79076,-122.41853,1212778557
new_oipial.txt,37.793,-122.41952,1212778496
new_oipial.txt,37.79318,-122.42293,1212778435
new_oipial.txt,37.79817,-122.42399,1212778346
new_oipial.txt,37.79818,-122.42649,1212778281
new_oipial.txt,37.79793,-122.42738,1212778276
new_oipial.txt,37.7969,-122.427,1212778237
new_oipial.txt,37.79652,-122.42484,1212778204
new_oipial.txt,37.79672,-122.42341,1212778135
new_oipial.txt,37.79859,-122.42236,1212778089
new_oipial.txt,37.80167,-122.42291,1212778014
new_oipial.txt,37.80454,-122.42346,1212777979
new_oipial.txt,37.80531,-122.42337,1212777914
new_oipial.txt,37.80605,-122.41826,1212777854
new_oipial.txt,37.80618,-122.41685,1212777829
new_oipial.txt,37.80663,-122.41366,1212777769
new_oipial.txt,37.80687,-122.41188,1212777710
new_oipial.txt,37.80554,-122.41025,1212777653
new_oipial.txt,37.8054,-122.41021,1212777647
new_oipial.txt,37.80461,-122.41005,1212777625
new_oipial.txt,37.80274,-122.40965,1212777565
new_oipial.txt,37.80015,-122.40913,1212777505
new_oipial.txt,37.79867,-122.40796,1212777446
new_oipial.txt,37.79774,-122.40638,1212777384
new_oipial.txt,37.79657,-122.40497,1212777351
new_oipial.txt,37.79556,-122.40059,1212777307
new_oipial.txt,37.79621,-122.39798,1212777253
new_oipial.txt,37.79427,-122.396,1212777192
new_oipial.txt,37.79457,-122.395,1212777126
new_oipial.txt,37.79153,-122.39504,1212777066
new_oipial.txt,37.79086,-122.39322,1212777006
new_oipial.txt,37.79142,-122.39299,1212776946
new_oipial.txt,37.79228,-122.39514,1212776886
new_oipial.txt,37.79368,-122.39736,1212776832
new_oipial.txt,37.79208,-122.39933,1212776769
new_oipial.txt,37.78974,-122.40034,1212776707
new_oipial.txt,37.78897,-122.40127,1212776644
new_oipial.txt,37.78764,-122.39941,1212776584
new_oipial.txt,37.78762,-122.399,1212776582
new_oipial.txt,37.78538,-122.39664,1212776539
new_oipial.txt,37.78113,-122.3961,1212776478
new_oipial.txt,37.77837,-122.39956,1212776418
new_oipial.txt,37.77742,-122.40074,1212776358
new_oipial.txt,37.7753,-122.40332,1212776304
new_oipial.txt,37.77453,-122.40493,1212776254
new_oipial.txt,37.76867,-122.40506,1212776207
new_oipial.txt,37.75746,-122.40371,1212776143
new_oipial.txt,37.74409,-122.40546,1212776076
new_oipial.txt,37.73071,-122.40414,1212776017
new_oipial.txt,37.71796,-122.39918,1212775961
new_oipial.txt,37.70526,-122.39409,1212775901
new_oipial.txt,37.69203,-122.39109,1212775845
new_oipial.txt,37.67856,-122.38825,1212775786
new_oipial.txt,37.66645,-122.39579,1212775736
new_oipial.txt,37.65576,-122.40656,1212775683
new_oipial.txt,37.6425,-122.40587,1212775620
new_oipial.txt,37.62908,-122.40226,1212775573
new_oipial.txt,37.61585,-122.3978,1212775514
new_oipial.txt,37.6169,-122.38794,1212775454
new_oipial.txt,37.61752,-122.38743,1212775399
new_oipial.txt,37.61762,-122.38734,1212775343
new_oipial.txt,37.61795,-122.38603,1212775275
new_oipial.txt,37.61795,-122.38601,1212775272
new_oipial.txt,37.61785,-122.38561,1212775250
new_itbejsco.txt,37.79044,-122.40002,1212778768
new_itbejsco.txt,37.79234,-122.39759,1212778708
new_itbejsco.txt,37.79307,-122.39791,1212778648
new_itbejsco.txt,37.79372,-122.39919,1212778588
new_itbejsco.txt,37.79738,-122.40082,1212778532
new_itbejsco.txt,37.79925,-122.40077,1212778468
new_itbejsco.txt,37.79936,-122.40124,1212778445
new_itbejsco.txt,37.80436,-122.40261,1212778384
new_itbejsco.txt,37.80561,-122.40436,1212778324
new_itbejsco.txt,37.80673,-122.40622,1212778264
new_itbejsco.txt,37.8073,-122.40766,1212778203
new_itbejsco.txt,37.8073,-122.40766,1212778172
new_itbejsco.txt,37.80656,-122.41335,1212778112
new_itbejsco.txt,37.80608,-122.41725,1212778052
new_itbejsco.txt,37.80608,-122.41726,1212778050
new_itbejsco.txt,37.80648,-122.41917,1212777989
new_itbejsco.txt,37.80735,-122.41507,1212777929
new_itbejsco.txt,37.80822,-122.41252,1212777871
new_itbejsco.txt,37.80835,-122.41091,1212777811
new_itbejsco.txt,37.80836,-122.40987,1212777748
new_itbejsco.txt,37.80811,-122.40905,1212777688
new_itbejsco.txt,37.80806,-122.40893,1212777686
new_itbejsco.txt,37.8076,-122.40784,1212777631
new_itbejsco.txt,37.80659,-122.40547,1212777603
new_itbejsco.txt,37.80469,-122.40346,1212777543
new_itbejsco.txt,37.8012,-122.40282,1212777483
new_itbejsco.txt,37.79824,-122.40212,1212777422
new_itbejsco.txt,37.7943,-122.40113,1212777362
new_itbejsco.txt,37.7914,-122.39774,1212777233
new_itbejsco.txt,37.7934,-122.39889,1212777205
new_itbejsco.txt,37.79115,-122.39754,1212777145
new_itbejsco.txt,37.78979,-122.39448,1212777084
new_itbejsco.txt,37.79031,-122.39304,1212777028
new_itbejsco.txt,37.78829,-122.39041,1212776964
new_itbejsco.txt,37.78504,-122.39115,1212776911
new_itbejsco.txt,37.78174,-122.3919,1212776848
new_itbejsco.txt,37.78048,-122.39067,1212776783
new_itbejsco.txt,37.77788,-122.39153,1212776729
new_itbejsco.txt,37.7745,-122.39008,1212776665
new_itbejsco.txt,37.77447,-122.39052,1212776603
new_itbejsco.txt,37.77732,-122.39534,1212776550
new_itbejsco.txt,37.78066,-122.3995,1212776483
new_itbejsco.txt,37.78341,-122.40307,1212776423
new_itbejsco.txt,37.7847,-122.40443,1212776374
new_itbejsco.txt,37.785,-122.40481,1212776303
new_itbejsco.txt,37.78496,-122.40485,1212776301
new_itbejsco.txt,37.78635,-122.40579,1212776257
new_itbejsco.txt,37.7881,-122.40663,1212776194
new_itbejsco.txt,37.78825,-122.4086,1212776134
new_itbejsco.txt,37.78652,-122.41213,1212776073
new_itbejsco.txt,37.78718,-122.41681,1212776019
new_itbejsco.txt,37.7867,-122.42143,1212775955
new_itbejsco.txt,37.78619,-122.42502,1212775891
new_itbejsco.txt,37.78554,-122.43007,1212775831
new_itbejsco.txt,37.78683,-122.43174,1212775774
new_itbejsco.txt,37.78683,-122.43174,1212775758
new_itbejsco.txt,37.78799,-122.43192,1212775697
new_itbejsco.txt,37.78988,-122.43336,1212775637
new_itbejsco.txt,37.78901,-122.43359,1212775577
new_itbejsco.txt,37.78969,-122.4323,1212775536
new_itbejsco.txt,37.7899,-122.43367,1212775449
new_itbejsco.txt,37.78983,-122.43386,1212775409
new_itbejsco.txt,37.78983,-122.43386,1212775407
new_itbejsco.txt,37.78983,-122.43386,1212775365
new_itbejsco.txt,37.78983,-122.43385,1212775331
new_itbejsco.txt,37.78985,-122.43388,1212775310
new_itbejsco.txt,37.78981,-122.43404,1212775303
new_itbejsco.txt,37.78853,-122.43543,1212775239
new_ejcrur.txt,37.77864,-122.41457,1212778796
new_ejcrur.txt,37.77604,-122.41808,1212778732
new_ejcrur.txt,37.77504,-122.41905,1212778673
new_ejcrur.txt,37.77503,-122.41906,1212778668
new_ejcrur.txt,37.77435,-122.41892,1212778627
new_ejcrur.txt,37.77337,-122.4186,1212778567
new_ejcrur.txt,37.76972,-122.41748,1212778507
new_ejcrur.txt,37.76961,-122.4149,1212778446
new_ejcrur.txt,37.76584,-122.4105,1212778385
new_ejcrur.txt,37.76544,-122.41197,1212778325
new_ejcrur.txt,37.76318,-122.41224,1212778245
new_ejcrur.txt,37.76318,-122.41224,1212778236
new_ejcrur.txt,37.76319,-122.41212,1212778175
new_ejcrur.txt,37.7632,-122.41212,1212778165
new_ejcrur.txt,37.76291,-122.41231,1212778124
new_ejcrur.txt,37.75912,-122.41254,1212778064
new_ejcrur.txt,37.75574,-122.4133,1212778003
new_ejcrur.txt,37.7539,-122.41417,1212777943
new_ejcrur.txt,37.75073,-122.41387,1212777883
new_ejcrur.txt,37.74817,-122.41606,1212777822
new_ejcrur.txt,37.74814,-122.41848,1212777772
new_ejcrur.txt,37.74708,-122.42353,1212777679
new_ejcrur.txt,37.7471,-122.42356,1212777620
new_ejcrur.txt,37.74707,-122.42363,1212777560
new_ejcrur.txt,37.74863,-122.42718,1212777502
new_ejcrur.txt,37.74956,-122.42726,1212777484
new_ejcrur.txt,37.75167,-122.4276,1212777455
new_ejcrur.txt,37.75161,-122.42873,1212777433
new_ejcrur.txt,37.7513,-122.43185,1212777372
new_ejcrur.txt,37.75182,-122.43194,1212777316
new_ejcrur.txt,37.75585,-122.43231,1212777252
new_ejcrur.txt,37.75753,-122.43468,1212777195
new_ejcrur.txt,37.75436,-122.43436,1212777138
new_ejcrur.txt,37.75112,-122.43406,1212777071
new_ejcrur.txt,37.74805,-122.43377,1212777010
new_ejcrur.txt,37.74648,-122.4337,1212776985
new_ejcrur.txt,37.74526,-122.43572,1212776924
new_ejcrur.txt,37.74527,-122.43573,1212776864
new_ejcrur.txt,37.74527,-122.43574,1212776804
new_ejcrur.txt,37.74522,-122.43571,1212776744
new_ejcrur.txt,37.74524,-122.4357,1212776684
new_ejcrur.txt,37.74523,-122.43569,1212776623
new_ejcrur.txt,37.74523,-122.4357,1212776596
new_ejcrur.txt,37.74529,-122.43574,1212776536
new_ejcrur.txt,37.74524,-122.43571,1212776475
new_ejcrur.txt,37.74526,-122.43572,1212776415
new_ejcrur.txt,37.74525,-122.43575,1212776353
new_ejcrur.txt,37.74525,-122.43575,1212776294
new_ejcrur.txt,37.74527,-122.43573,1212776207
new_ejcrur.txt,37.74526,-122.43568,1212776143
new_ejcrur.txt,37.74565,-122.43583,1212776086
new_ejcrur.txt,37.74945,-122.43621,1212776022
new_ejcrur.txt,37.75274,-122.43645,1212775962
new_ejcrur.txt,37.75317,-122.43204,1212775904
new_ejcrur.txt,37.75372,-122.43217,1212775841
new_ejcrur.txt,37.75372,-122.43217,1212775780
new_ejcrur.txt,37.75502,-122.43225,1212775724
new_ejcrur.txt,37.75919,-122.43267,1212775660
new_ejcrur.txt,37.76113,-122.43125,1212775600
new_ejcrur.txt,37.76145,-122.42849,1212775562
new_ejcrur.txt,37.76741,-122.42898,1212775502
new_ejcrur.txt,37.76791,-122.42901,1212775444
new_ejcrur.txt,37.77069,-122.42687,1212775381
new_ejcrur.txt,37.77243,-122.42791,1212775320
new_ejcrur.txt,37.77199,-122.43124,1212775295
new_ejcrur.txt,37.7719,-122.43197,1212775284
new_ejcrur.txt,37.77188,-122.43214,1212775282
new_ejcrur.txt,37.77143,-122.43552,1212775222
new_abyalwif.txt,37.78994,-122.40893,1212778763
new_abyalwif.txt,37.78744,-122.41145,1212778703
new_abyalwif.txt,37.78581,-122.41206,1212778642
new_abyalwif.txt,37.78578,-122.41232,1212778583
new_abyalwif.txt,37.78526,-122.41091,1212778523
new_abyalwif.txt,37.78506,-122.41104,1212778517
new_abyalwif.txt,37.78391,-122.41193,1212778453
new_abyalwif.txt,37.78387,-122.412,1212778393
new_abyalwif.txt,37.7856,-122.41283,1212778333
new_abyalwif.txt,37.78951,-122.41374,1212778272
new_abyalwif.txt,37.79067,-122.41196,1212778212
new_abyalwif.txt,37.79155,-122.40597,1212778157
new_abyalwif.txt,37.79183,-122.40308,1212778091
new_abyalwif.txt,37.79232,-122.40285,1212778044
new_abyalwif.txt,37.79377,-122.40223,1212777975
new_abyalwif.txt,37.79497,-122.40278,1212777910
new_abyalwif.txt,37.79625,-122.40439,1212777871
new_abyalwif.txt,37.79538,-122.40483,1212777804
new_abyalwif.txt,37.79519,-122.40452,1212777757
new_abyalwif.txt,37.79519,-122.40452,1212777743
new_abyalwif.txt,37.79203,-122.40404,1212777683
new_abyalwif.txt,37.79034,-122.40613,1212777622
new_abyalwif.txt,37.78991,-122.40961,1212777562
new_abyalwif.txt,37.78749,-122.41219,1212777502
new_abyalwif.txt,37.78733,-122.41245,1212777442
new_abyalwif.txt,37.78687,-122.41213,1212777433
new_abyalwif.txt,37.7859,-122.41153,1212777373
new_abyalwif.txt,37.78543,-122.41472,1212777313
new_abyalwif.txt,37.78543,-122.41476,1212777311
new_abyalwif.txt,37.78506,-122.41841,1212777270
new_abyalwif.txt,37.78468,-122.42155,1212777210
new_abyalwif.txt,37.78461,-122.42316,1212777149
new_abyalwif.txt,37.78527,-122.42525,1212777089
new_abyalwif.txt,37.78404,-122.43487,1212777028
new_abyalwif.txt,37.78317,-122.43994,1212776968
new_abyalwif.txt,37.78203,-122.45027,1212776907
new_abyalwif.txt,37.78133,-122.45569,1212776846
new_abyalwif.txt,37.77893,-122.45542,1212776786
new_abyalwif.txt,37.77669,-122.45504,1212776726
new_abyalwif.txt,37.77201,-122.45309,1212776633
new_abyalwif.txt,37.772,-122.4531,1212776587
new_abyalwif.txt,37.77248,-122.44996,1212776527
new_abyalwif.txt,37.77285,-122.44719,1212776497
new_abyalwif.txt,37.77107,-122.44716,1212776441
new_abyalwif.txt,37.77023,-122.44535,1212776377
new_abyalwif.txt,37.77029,-122.44478,1212776353
new_abyalwif.txt,37.77029,-122.44478,1212776348
new_abyalwif.txt,37.77041,-122.44366,1212776317
new_abyalwif.txt,37.77128,-122.43726,1212776257
new_abyalwif.txt,37.77237,-122.43733,1212776197
new_abyalwif.txt,37.77427,-122.43577,1212776137
new_abyalwif.txt,37.77522,-122.42832,1212776091
new_abyalwif.txt,37.77522,-122.42832,1212776076
new_abyalwif.txt,37.77585,-122.42364,1212776016
new_abyalwif.txt,37.77758,-122.42314,1212775957
new_abyalwif.txt,37.78031,-122.42372,1212775929
new_abyalwif.txt,37.78723,-122.42513,1212775869
new_abyalwif.txt,37.78902,-122.4252,1212775808
new_abyalwif.txt,37.78965,-122.42062,1212775748
new_abyalwif.txt,37.79014,-122.41726,1212775687
new_abyalwif.txt,37.7914,-122.41579,1212775627
new_abyalwif.txt,37.79362,-122.41791,1212775566
new_abyalwif.txt,37.79326,-122.41782,1212775534
new_abyalwif.txt,37.79149,-122.41465,1212775474
new_abyalwif.txt,37.79193,-122.41,1212775414
new_abyalwif.txt,37.7925,-122.4055,1212775354
new_abyalwif.txt,37.79509,-122.39659,1212775264
new_abyalwif.txt,37.79348,-122.39744,1212775203
new_oquiat.txt,37.80495,-122.41866,1212778749
new_oquiat.txt,37.80714,-122.4172,1212778683
new_oquiat.txt,37.8072,-122.41613,1212778661
new_oquiat.txt,37.80771,-122.4124,1212778595
new_oquiat.txt,37.80873,-122.41246,1212778535
new_oquiat.txt,37.80873,-122.41245,1212778518
new_oquiat.txt,37.80842,-122.41242,1212778458
new_oquiat.txt,37.8074,-122.41228,1212778400
new_oquiat.txt,37.8062,-122.41637,1212778338
new_oquiat.txt,37.80547,-122.42164,1212778277
new_oquiat.txt,37.80407,-122.42536,1212778221
new_oquiat.txt,37.8016,-122.42647,1212778161
new_oquiat.txt,37.80048,-122.42642,1212778137
new_oquiat.txt,37.79482,-122.4252,1212778092
new_oquiat.txt,37.78919,-122.42411,1212778015
new_oquiat.txt,37.78638,-122.42345,1212777959
new_oquiat.txt,37.78554,-122.42958,1212777901
new_oquiat.txt,37.78527,-122.4325,1212777837
new_oquiat.txt,37.78391,-122.43264,1212777784
new_oquiat.txt,37.78133,-122.43247,1212777718
new_oquiat.txt,37.78142,-122.4324,1212777712
new_oquiat.txt,37.78147,-122.43232,1212777679
new_oquiat.txt,37.7784,-122.4317,1212777622
new_oquiat.txt,37.77802,-122.43163,1212777593
new_oquiat.txt,37.77602,-122.42946,1212777527
new_oquiat.txt,37.77616,-122.42877,1212777507
new_oquiat.txt,37.77744,-122.42627,1212777461
new_oquiat.txt,37.77744,-122.42627,1212777454
new_oquiat.txt,37.77757,-122.42617,1212777400
new_oquiat.txt,37.77836,-122.4265,1212777339
new_oquiat.txt,37.77981,-122.42361,1212777285
new_oquiat.txt,37.78128,-122.42201,1212777219
new_oquiat.txt,37.78239,-122.41658,1212777158
new_oquiat.txt,37.78382,-122.40788,1212777098
new_oquiat.txt,37.78558,-122.40611,1212777038
new_oquiat.txt,37.78633,-122.40487,1212776984
new_oquiat.txt,37.7863,-122.40859,1212776840
new_oquiat.txt,37.7863,-122.40859,1212776833
new_oquiat.txt,37.78627,-122.40982,1212776805
new_oquiat.txt,37.78603,-122.41472,1212776744
new_oquiat.txt,37.78406,-122.4143,1212776689
new_oquiat.txt,37.78163,-122.41416,1212776623
new_oquiat.txt,37.78146,-122.41412,1212776606
new_oquiat.txt,37.78048,-122.41243,1212776548
new_oquiat.txt,37.78033,-122.41244,1212776529
new_oquiat.txt,37.78032,-122.41244,1212776474
new_oquiat.txt,37.77917,-122.41085,1212776342
new_oquiat.txt,37.77517,-122.40588,1212776282
new_oquiat.txt,37.77408,-122.40445,1212776232
new_oquiat.txt,37.77287,-122.4034,1212776216
new_oquiat.txt,37.76928,-122.40395,1212776147
new_oquiat.txt,37.76732,-122.40402,1212776087
new_oquiat.txt,37.76713,-122.40609,1212776027
new_oquiat.txt,37.76713,-122.40609,1212776025
new_oquiat.txt,37.76719,-122.40723,1212776001
new_oquiat.txt,37.76936,-122.40863,1212775941
new_oquiat.txt,37.76948,-122.41537,1212775880
new_oquiat.txt,37.76844,-122.41701,1212775820
new_oquiat.txt,37.76817,-122.42105,1212775769
new_oquiat.txt,37.76801,-122.42399,1212775705
new_oquiat.txt,37.768,-122.42399,1212775693
new_oquiat.txt,37.76791,-122.42465,1212775636
new_oquiat.txt,37.76479,-122.42633,1212775575
new_oquiat.txt,37.76155,-122.42355,1212775487
new_oquiat.txt,37.7617,-122.4214,1212775427
new_oquiat.txt,37.76151,-122.41932,1212775367
new_oquiat.txt,37.75636,-122.41881,1212775308
new_oquiat.txt,37.7556,-122.41591,1212775246
new_ocwyit.txt,37.77653,-122.40436,1212778786
new_ocwyit.txt,37.78084,-122.39938,1212778744
new_ocwyit.txt,37.78084,-122.39938,1212778726
new_ocwyit.txt,37.78088,-122.39543,1212778671
new_ocwyit.txt,37.77988,-122.3945,1212778606
new_ocwyit.txt,37.77855,-122.39619,1212778550
new_ocwyit.txt,37.77855,-122.39619,1212778543
new_ocwyit.txt,37.77799,-122.39637,1212778517
new_ocwyit.txt,37.78129,-122.40038,1212778461
new_ocwyit.txt,37.78304,-122.40326,1212778419
new_ocwyit.txt,37.78304,-122.40326,1212778396
new_ocwyit.txt,37.78482,-122.40441,1212778340
new_ocwyit.txt,37.78547,-122.40612,1212778298
new_ocwyit.txt,37.78694,-122.40682,1212778243
new_ocwyit.txt,37.78821,-122.40724,1212778173
new_ocwyit.txt,37.78853,-122.4085,1212778128
new_ocwyit.txt,37.7893,-122.40757,1212778087
new_ocwyit.txt,37.7893,-122.40757,1212778051
new_ocwyit.txt,37.78929,-122.40757,1212778046
new_ocwyit.txt,37.78861,-122.40528,1212777986
new_ocwyit.txt,37.78834,-122.40711,1212777926
new_ocwyit.txt,37.78798,-122.40883,1212777870
new_ocwyit.txt,37.78761,-122.41153,1212777817
new_ocwyit.txt,37.78595,-122.41451,1212777698
new_ocwyit.txt,37.78197,-122.41389,1212777632
new_ocwyit.txt,37.78033,-122.41234,1212777577
new_ocwyit.txt,37.7779,-122.40925,1212777512
new_ocwyit.txt,37.77527,-122.406,1212777452
new_ocwyit.txt,37.77286,-122.40338,1212777399
new_ocwyit.txt,37.77113,-122.40563,1212777352
new_ocwyit.txt,37.76793,-122.40768,1212777272
new_ocwyit.txt,37.76605,-122.40359,1212777212
new_ocwyit.txt,37.76349,-122.40143,1212777152
new_ocwyit.txt,37.7598,-122.40111,1212777092
new_ocwyit.txt,37.75798,-122.39895,1212777031
new_ocwyit.txt,37.75764,-122.399,1212776989
new_ocwyit.txt,37.75978,-122.40008,1212776949
new_ocwyit.txt,37.75858,-122.4019,1212776889
new_ocwyit.txt,37.75449,-122.40245,1212776829
new_ocwyit.txt,37.75412,-122.40635,1212776769
new_ocwyit.txt,37.75171,-122.406,1212776709
new_ocwyit.txt,37.75197,-122.40319,1212776648
new_ocwyit.txt,37.76264,-122.40547,1212776595
new_ocwyit.txt,37.77209,-122.40659,1212776550
new_ocwyit.txt,37.78029,-122.39969,1212776495
new_ocwyit.txt,37.78341,-122.40319,1212776445
new_ocwyit.txt,37.78341,-122.40319,1212776431
new_ocwyit.txt,37.78468,-122.40455,1212776373
new_ocwyit.txt,37.78659,-122.40655,1212776317
new_ocwyit.txt,37.78754,-122.40668,1212776256
new_ocwyit.txt,37.78933,-122.40699,1212776187
new_ocwyit.txt,37.79336,-122.40777,1212776130
new_ocwyit.txt,37.7951,-122.40822,1212776078
new_ocwyit.txt,37.79706,-122.40858,1212776007
new_ocwyit.txt,37.79707,-122.40858,1212776005
new_ocwyit.txt,37.79753,-122.40907,1212775962
new_ocwyit.txt,37.79725,-122.41072,1212775902
new_ocwyit.txt,37.79598,-122.42113,1212775841
new_ocwyit.txt,37.79403,-122.42306,1212775781
new_ocwyit.txt,37.79038,-122.42222,1212775730
new_ocwyit.txt,37.78825,-122.42173,1212775637
new_ocwyit.txt,37.78684,-122.42155,1212775573
new_ocwyit.txt,37.78453,-122.42102,1212775512
new_ocwyit.txt,37.7828,-122.42072,1212775452
new_ocwyit.txt,37.78087,-122.42031,1212775402
new_ocwyit.txt,37.77803,-122.41975,1212775329
new_ocwyit.txt,37.7754,-122.41927,1212775269
new_ocwyit.txt,37.77498,-122.41896,1212775209
new_ochtin.txt,37.79961,-122.40967,1212778794
new_ochtin.txt,37.80221,-122.41294,1212778718
new_ochtin.txt,37.80385,-122.41547,1212778669
new_ochtin.txt,37.806,-122.41836,1212778613
new_ochtin.txt,37.80602,-122.41705,1212778551
new_ochtin.txt,37.80542,-122.41688,1212778532
new_ochtin.txt,37.80542,-122.41688,1212778531
new_ochtin.txt,37.80542,-122.41688,1212778510
new_ochtin.txt,37.80432,-122.41619,1212778450
new_ochtin.txt,37.80138,-122.41613,1212778388
new_ochtin.txt,37.79845,-122.41554,1212778328
new_ochtin.txt,37.79611,-122.41506,1212778268
new_ochtin.txt,37.7944,-122.413,1212778208
new_ochtin.txt,37.79208,-122.41252,1212778147
new_ochtin.txt,37.78809,-122.41185,1212778087
new_ochtin.txt,37.78759,-122.40877,1212778027
new_ochtin.txt,37.78838,-122.40733,1212777967
new_ochtin.txt,37.78824,-122.40741,1212777939
new_ochtin.txt,37.78799,-122.40762,1212777878
new_ochtin.txt,37.78802,-122.40764,1212777857
new_ochtin.txt,37.78802,-122.40764,1212777797
new_ochtin.txt,37.78801,-122.40764,1212777769
new_ochtin.txt,37.78791,-122.40794,1212777644
new_ochtin.txt,37.78805,-122.4081,1212777584
new_ochtin.txt,37.78846,-122.40776,1212777534
new_ochtin.txt,37.78841,-122.40785,1212777469
new_ochtin.txt,37.78837,-122.4079,1212777409
new_ochtin.txt,37.78841,-122.40782,1212777381
new_ochtin.txt,37.78847,-122.40784,1212777321
new_ochtin.txt,37.78875,-122.40814,1212777261
new_ochtin.txt,37.78928,-122.40858,1212777206
new_ochtin.txt,37.79279,-122.40775,1212777108
new_ochtin.txt,37.79403,-122.40809,1212777044
new_ochtin.txt,37.79401,-122.40815,1212777038
new_ochtin.txt,37.79399,-122.40814,1212776996
new_ochtin.txt,37.7938,-122.4097,1212776941
new_ochtin.txt,37.79325,-122.41406,1212776875
new_ochtin.txt,37.79399,-122.41634,1212776815
new_ochtin.txt,37.79545,-122.41733,1212776755
new_ochtin.txt,37.79543,-122.41734,1212776740
new_ochtin.txt,37.79628,-122.4121,1212776639
new_ochtin.txt,37.79653,-122.4098,1212776576
new_ochtin.txt,37.79665,-122.40829,1212776516
new_ochtin.txt,37.79677,-122.40795,1212776465
new_ochtin.txt,37.79684,-122.40712,1212776405
new_ochtin.txt,37.79752,-122.40679,1212776344
new_ochtin.txt,37.79636,-122.40682,1212776272
new_ochtin.txt,37.79625,-122.40664,1212776224
new_ochtin.txt,37.79611,-122.40685,1212776220
new_ochtin.txt,37.79607,-122.40692,1212776190
new_ochtin.txt,37.79608,-122.40692,1212776130
new_ochtin.txt,37.79591,-122.40733,1212776082
new_ochtin.txt,37.7956,-122.40833,1212776009
new_ochtin.txt,37.79475,-122.40806,1212775949
new_ochtin.txt,37.79399,-122.40815,1212775889
new_ochtin.txt,37.7938,-122.40975,1212775830
new_ochtin.txt,37.79334,-122.41349,1212775771
new_ochtin.txt,37.79297,-122.4162,1212775709
new_ochtin.txt,37.79165,-122.41909,1212775659
new_ochtin.txt,37.78899,-122.41877,1212775593
new_ochtin.txt,37.78476,-122.41783,1212775543
new_ochtin.txt,37.78329,-122.41876,1212775468
new_ochtin.txt,37.78329,-122.41877,1212775413
new_ochtin.txt,37.78328,-122.41877,1212775411
new_ochtin.txt,37.78304,-122.41879,1212775382
new_ochtin.txt,37.78373,-122.41932,1212775320
new_ochtin.txt,37.78557,-122.41965,1212775260
new_ochtin.txt,37.78951,-122.42033,1212775201
new_efcati.txt,37.78149,-122.40491,1212778716
new_efcati.txt,37.78019,-122.40325,1212778666
new_efcati.txt,37.77901,-122.40124,1212778605
new_efcati.txt,37.78213,-122.39665,1212778547
new_efcati.txt,37.79014,-122.38637,1212778480
new_efcati.txt,37.80032,-122.37543,1212778423
new_efcati.txt,37.81037,-122.36469,1212778366
new_efcati.txt,37.81701,-122.34991,1212778306
new_efcati.txt,37.82066,-122.33387,1212778252
new_efcati.txt,37.82405,-122.31771,1212778195
new_efcati.txt,37.82537,-122.30959,1212778141
new_efcati.txt,37.8182,-122.29616,1212778075
new_efcati.txt,37.80607,-122.30396,1212778019
new_efcati.txt,37.80298,-122.28789,1212777963
new_efcati.txt,37.7976,-122.27258,1212777914
new_efcati.txt,37.79013,-122.25882,1212777863
new_efcati.txt,37.78514,-122.24315,1212777810
new_efcati.txt,37.77475,-122.23252,1212777756
new_efcati.txt,37.76695,-122.21912,1212777705
new_efcati.txt,37.75573,-122.20955,1212777653
new_efcati.txt,37.74466,-122.19985,1212777596
new_efcati.txt,37.73373,-122.19009,1212777542
new_efcati.txt,37.73055,-122.19097,1212777481
new_efcati.txt,37.72742,-122.19837,1212777442
new_efcati.txt,37.71917,-122.20242,1212777372
new_efcati.txt,37.7129,-122.20793,1212777312
new_efcati.txt,37.71193,-122.21216,1212777251
new_efcati.txt,37.71193,-122.21216,1212777250
new_efcati.txt,37.71346,-122.21382,1212777200
new_efcati.txt,37.71806,-122.20474,1212777137
new_efcati.txt,37.72703,-122.20159,1212777077
new_efcati.txt,37.7354,-122.19746,1212777016
new_efcati.txt,37.7375,-122.19684,1212776956
new_efcati.txt,37.74076,-122.19779,1212776896
new_efcati.txt,37.75148,-122.20615,1212776836
new_efcati.txt,37.76239,-122.21561,1212776785
new_efcati.txt,37.76697,-122.2193,1212776765
new_efcati.txt,37.7748,-122.23298,1212776708
new_efcati.txt,37.78522,-122.24342,1212776654
new_efcati.txt,37.79019,-122.25911,1212776599
new_efcati.txt,37.79766,-122.27292,1212776541
new_efcati.txt,37.80278,-122.28809,1212776491
new_efcati.txt,37.80593,-122.30427,1212776438
new_efcati.txt,37.81804,-122.29708,1212776382
new_efcati.txt,37.82423,-122.3102,1212776322
new_efcati.txt,37.82176,-122.32635,1212776269
new_efcati.txt,37.80509,-122.37025,1212776117
new_efcati.txt,37.79947,-122.37655,1212776052
new_efcati.txt,37.78923,-122.3873,1212775991
new_efcati.txt,37.78298,-122.39356,1212775931
new_efcati.txt,37.7829,-122.39348,1212775929
new_efcati.txt,37.78285,-122.39343,1212775928
new_efcati.txt,37.78233,-122.39157,1212775888
new_efcati.txt,37.77971,-122.39332,1212775841
new_efcati.txt,37.7782,-122.39192,1212775773
new_efcati.txt,37.77805,-122.39197,1212775745
new_efcati.txt,37.77748,-122.39201,1212775692
new_efcati.txt,37.77637,-122.39451,1212775625
new_efcati.txt,37.77674,-122.39453,1212775563
new_efcati.txt,37.7768,-122.39464,1212775561
new_efcati.txt,37.77677,-122.39476,1212775531
new_efcati.txt,37.77901,-122.39745,1212775471
new_efcati.txt,37.7754,-122.40537,1212775412
new_efcati.txt,37.76948,-122.41285,1212775352
new_efcati.txt,37.7724,-122.42371,1212775290
new_efcati.txt,37.7724,-122.42371,1212775288
new_efcati.txt,37.77241,-122.42371,1212775286
new_efcati.txt,37.77457,-122.42413,1212775232
new_ofikco.txt,37.78701,-122.41686,1212778757
new_ofikco.txt,37.78713,-122.41688,1212778697
new_ofikco.txt,37.78715,-122.41688,1212778638
new_ofikco.txt,37.78704,-122.41674,1212778575
new_ofikco.txt,37.78699,-122.41673,1212778515
new_ofikco.txt,37.78711,-122.41676,1212778455
new_ofikco.txt,37.78715,-122.41683,1212778395
new_ofikco.txt,37.78708,-122.41672,1212778334
new_ofikco.txt,37.787,-122.41668,1212778274
new_ofikco.txt,37.78701,-122.41668,1212778214
new_ofikco.txt,37.78703,-122.41668,1212778154
new_ofikco.txt,37.78718,-122.41683,1212778094
new_ofikco.txt,37.78708,-122.41677,1212778039
new_ofikco.txt,37.78703,-122.41674,1212778018
new_ofikco.txt,37.78731,-122.41668,1212777959
new_ofikco.txt,37.78776,-122.4168,1212777931
new_ofikco.txt,37.78864,-122.41306,1212777870
new_ofikco.txt,37.78634,-122.41141,1212777809
new_ofikco.txt,37.7858,-122.41226,1212777749
new_ofikco.txt,37.78606,-122.41288,1212777688
new_ofikco.txt,37.7861,-122.41289,1212777686
new_ofikco.txt,37.78637,-122.41313,1212777655
new_ofikco.txt,37.78734,-122.40934,1212777595
new_ofikco.txt,37.78829,-122.40521,1212777535
new_ofikco.txt,37.78873,-122.40316,1212777475
new_ofikco.txt,37.78973,-122.4003,1212777415
new_ofikco.txt,37.79322,-122.39747,1212777354
new_ofikco.txt,37.79309,-122.39771,1212777342
new_ofikco.txt,37.79326,-122.39767,1212777281
new_ofikco.txt,37.79291,-122.39784,1212777221
new_ofikco.txt,37.79298,-122.39774,1212777160
new_ofikco.txt,37.79318,-122.39735,1212777099
new_ofikco.txt,37.79396,-122.39676,1212777038
new_ofikco.txt,37.79267,-122.39599,1212776978
new_ofikco.txt,37.7901,-122.39277,1212776918
new_ofikco.txt,37.78773,-122.39403,1212776864
new_ofikco.txt,37.78798,-122.39614,1212776797
new_ofikco.txt,37.78828,-122.3962,1212776781
new_ofikco.txt,37.79426,-122.39982,1212776720
new_ofikco.txt,37.79713,-122.40071,1212776659
new_ofikco.txt,37.80272,-122.40193,1212776598
new_ofikco.txt,37.80501,-122.40354,1212776538
new_ofikco.txt,37.8064,-122.40714,1212776477
new_ofikco.txt,37.80551,-122.41427,1212776416
new_ofikco.txt,37.80511,-122.41746,1212776355
new_ofikco.txt,37.80465,-122.42106,1212776295
new_ofikco.txt,37.80399,-122.42609,1212776234
new_ofikco.txt,37.80344,-122.43046,1212776174
new_ofikco.txt,37.80407,-122.43337,1212776113
new_ofikco.txt,37.80407,-122.43337,1212776103
new_ofikco.txt,37.80408,-122.43338,1212776100
new_ofikco.txt,37.80392,-122.43179,1212776051
new_ofikco.txt,37.80367,-122.42896,1212775992
new_ofikco.txt,37.8036,-122.42677,1212775960
new_ofikco.txt,37.80065,-122.42608,1212775887
new_ofikco.txt,37.7967,-122.42533,1212775827
new_ofikco.txt,37.79404,-122.42232,1212775765
new_ofikco.txt,37.79426,-122.41806,1212775675
new_ofikco.txt,37.79419,-122.41807,1212775630
new_ofikco.txt,37.79432,-122.41786,1212775570
new_ofikco.txt,37.79242,-122.41938,1212775510
new_ofikco.txt,37.79104,-122.41751,1212775450
new_ofikco.txt,37.79146,-122.41427,1212775424
new_ofikco.txt,37.79218,-122.40894,1212775364
new_ofikco.txt,37.79267,-122.40469,1212775304
new_ofikco.txt,37.79284,-122.40463,1212775302
new_ofikco.txt,37.79287,-122.40473,1212775253
new_ofikco.txt,37.79296,-122.40482,1212775243
new_esnddceb.txt,37.71736,-122.39851,1212778792
new_esnddceb.txt,37.70421,-122.39384,1212778734
new_esnddceb.txt,37.69114,-122.3909,1212778682
new_esnddceb.txt,37.67754,-122.38823,1212778628
new_esnddceb.txt,37.66566,-122.39662,1212778578
new_esnddceb.txt,37.65463,-122.40683,1212778526
new_esnddceb.txt,37.64127,-122.40581,1212778476
new_esnddceb.txt,37.62798,-122.40211,1212778434
new_esnddceb.txt,37.61526,-122.39676,1212778367
new_esnddceb.txt,37.61771,-122.3868,1212778307
new_esnddceb.txt,37.61537,-122.38452,1212778253
new_esnddceb.txt,37.61533,-122.38454,1212778171
new_esnddceb.txt,37.61531,-122.38456,1212778134
new_esnddceb.txt,37.61532,-122.38456,1212778126
new_esnddceb.txt,37.61532,-122.38455,1212778079
new_esnddceb.txt,37.61521,-122.38465,1212777993
new_esnddceb.txt,37.61469,-122.39191,1212777933
new_esnddceb.txt,37.62357,-122.40127,1212777876
new_esnddceb.txt,37.6371,-122.40462,1212777825
new_esnddceb.txt,37.6501,-122.4069,1212777771
new_esnddceb.txt,37.66279,-122.40073,1212777712
new_esnddceb.txt,37.67311,-122.39029,1212777664
new_esnddceb.txt,37.68659,-122.39024,1212777613
new_esnddceb.txt,37.69999,-122.39322,1212777565
new_esnddceb.txt,37.71313,-122.39656,1212777520
new_esnddceb.txt,37.72583,-122.4022,1212777461
new_esnddceb.txt,37.73818,-122.40808,1212777410
new_esnddceb.txt,37.75119,-122.40322,1212777360
new_esnddceb.txt,37.76458,-122.40508,1212777303
new_esnddceb.txt,37.77655,-122.40443,1212777247
new_esnddceb.txt,37.78227,-122.40147,1212777183
new_esnddceb.txt,37.78348,-122.40303,1212777133
new_esnddceb.txt,37.78518,-122.40344,1212777072
new_esnddceb.txt,37.78679,-122.4016,1212777002
new_esnddceb.txt,37.78848,-122.39902,1212776947
new_esnddceb.txt,37.78814,-122.39928,1212776907
new_esnddceb.txt,37.7885,-122.3988,1212776842
new_esnddceb.txt,37.78859,-122.3988,1212776782
new_esnddceb.txt,37.78758,-122.39956,1212776732
new_esnddceb.txt,37.78791,-122.39945,1212776661
new_esnddceb.txt,37.78768,-122.39955,1212776600
new_esnddceb.txt,37.78766,-122.39978,1212776549
new_esnddceb.txt,37.78762,-122.39975,1212776480
new_esnddceb.txt,37.78736,-122.40024,1212776418
new_esnddceb.txt,37.78672,-122.40123,1212776363
new_esnddceb.txt,37.78817,-122.39928,1212776311
new_esnddceb.txt,37.78991,-122.39938,1212776268
new_esnddceb.txt,37.78848,-122.39925,1212776215
new_esnddceb.txt,37.78844,-122.39925,1212776154
new_esnddceb.txt,37.78866,-122.39896,1212776127
new_esnddceb.txt,37.79044,-122.39784,1212776071
new_esnddceb.txt,37.79059,-122.39949,1212776037
new_esnddceb.txt,37.78993,-122.40585,1212775967
new_esnddceb.txt,37.78823,-122.40024,1212775907
new_esnddceb.txt,37.78743,-122.39933,1212775856
new_esnddceb.txt,37.78516,-122.3964,1212775787
new_esnddceb.txt,37.78268,-122.39349,1212775731
new_esnddceb.txt,37.78066,-122.39052,1212775680
new_esnddceb.txt,37.77794,-122.39149,1212775617
new_esnddceb.txt,37.7763,-122.3928,1212775558
new_esnddceb.txt,37.7767,-122.39424,1212775496
new_esnddceb.txt,37.77668,-122.39428,1212775494
new_esnddceb.txt,37.77686,-122.39487,1212775473
new_esnddceb.txt,37.77976,-122.39835,1212775417
new_esnddceb.txt,37.78174,-122.39829,1212775364
new_esnddceb.txt,37.78335,-122.39661,1212775298
new_esnddceb.txt,37.78351,-122.39877,1212775232
new_esnddceb.txt,37.7835,-122.39875,1212775225
new_alsheth.txt,37.77474,-122.42443,1212778749
new_alsheth.txt,37.77429,-122.42771,1212778688
new_alsheth.txt,37.77409,-122.4308,1212778628
new_alsheth.txt,37.77635,-122.4313,1212778568
new_alsheth.txt,37.77895,-122.43185,1212778508
new_alsheth.txt,37.77999,-122.43207,1212778448
new_alsheth.txt,37.78176,-122.43287,1212778387
new_alsheth.txt,37.78212,-122.43249,1212778372
new_alsheth.txt,37.78425,-122.4329,1212778314
new_alsheth.txt,37.78536,-122.43195,1212778255
new_alsheth.txt,37.78618,-122.43163,1212778231
new_alsheth.txt,37.78837,-122.43043,1212778176
new_alsheth.txt,37.78899,-122.43256,1212778111
new_alsheth.txt,37.79041,-122.43417,1212778048
new_alsheth.txt,37.79247,-122.43446,1212778001
new_alsheth.txt,37.79246,-122.43445,1212777987
new_alsheth.txt,37.79248,-122.43419,1212777930
new_alsheth.txt,37.7927,-122.4329,1212777902
new_alsheth.txt,37.79275,-122.43123,1212777880
new_alsheth.txt,37.78934,-122.43046,1212777820
new_alsheth.txt,37.78998,-122.42522,1212777757
new_alsheth.txt,37.79016,-122.42309,1212777697
new_alsheth.txt,37.79003,-122.42423,1212777663
new_alsheth.txt,37.78966,-122.42742,1212777603
new_alsheth.txt,37.78833,-122.42863,1212777545
new_alsheth.txt,37.78817,-122.42862,1212777502
new_alsheth.txt,37.78573,-122.42838,1212777464
new_alsheth.txt,37.78559,-122.42895,1212777395
new_alsheth.txt,37.78545,-122.4294,1212777334
new_alsheth.txt,37.78551,-122.42936,1212777320
new_alsheth.txt,37.78554,-122.42938,1212777247
new_alsheth.txt,37.78564,-122.42932,1212777222
new_alsheth.txt,37.78562,-122.42807,1212777162
new_alsheth.txt,37.7854,-122.42286,1212777104
new_alsheth.txt,37.78558,-122.42094,1212777041
new_alsheth.txt,37.78613,-122.4164,1212776980
new_alsheth.txt,37.78699,-122.41114,1212776920
new_alsheth.txt,37.78788,-122.40427,1212776860
new_alsheth.txt,37.78794,-122.4033,1212776801
new_alsheth.txt,37.78965,-122.40158,1212776740
new_alsheth.txt,37.79269,-122.39785,1212776680
new_alsheth.txt,37.79302,-122.39734,1212776666
new_alsheth.txt,37.79321,-122.39708,1212776605
new_alsheth.txt,37.79302,-122.39738,1212776545
new_alsheth.txt,37.7932,-122.39717,1212776494
new_alsheth.txt,37.79348,-122.39746,1212776435
new_alsheth.txt,37.79358,-122.3966,1212776373
new_alsheth.txt,37.79372,-122.39588,1212776313
new_alsheth.txt,37.79357,-122.39549,1212776253
new_alsheth.txt,37.79418,-122.39558,1212776192
new_alsheth.txt,37.79404,-122.39544,1212776132
new_alsheth.txt,37.79404,-122.39548,1212776122
new_alsheth.txt,37.79354,-122.39612,1212776062
new_alsheth.txt,37.79341,-122.39654,1212776032
new_alsheth.txt,37.7929,-122.39863,1212775972
new_alsheth.txt,37.79172,-122.40237,1212775911
new_alsheth.txt,37.79182,-122.40416,1212775854
new_alsheth.txt,37.797,-122.40796,1212775809
new_alsheth.txt,37.80274,-122.41507,1212775752
new_alsheth.txt,37.79203,-122.4021,1212775727
new_alsheth.txt,37.79209,-122.40373,1212775665
new_alsheth.txt,37.79218,-122.40364,1212775605
new_alsheth.txt,37.79224,-122.40387,1212775545
new_alsheth.txt,37.79247,-122.40361,1212775485
new_alsheth.txt,37.79283,-122.40364,1212775425
new_alsheth.txt,37.79196,-122.40382,1212775365
new_alsheth.txt,37.79228,-122.40348,1212775305
new_alsheth.txt,37.79242,-122.40348,1212775244
new_oknscocy.txt,37.80365,-122.40207,1212778751
new_oknscocy.txt,37.80433,-122.4026,1212778722
new_oknscocy.txt,37.80687,-122.40653,1212778667
new_oknscocy.txt,37.80766,-122.40915,1212778601
new_oknscocy.txt,37.80695,-122.41036,1212778553
new_oknscocy.txt,37.80658,-122.41329,1212778481
new_oknscocy.txt,37.80606,-122.41733,1212778427
new_oknscocy.txt,37.80605,-122.41859,1212778360
new_oknscocy.txt,37.80662,-122.42034,1212778303
new_oknscocy.txt,37.80737,-122.42068,1212778252
new_oknscocy.txt,37.80789,-122.41771,1212778180
new_oknscocy.txt,37.80794,-122.41757,1212778120
new_oknscocy.txt,37.80794,-122.41757,1212778115
new_oknscocy.txt,37.80817,-122.41615,1212778060
new_oknscocy.txt,37.80614,-122.41542,1212777994
new_oknscocy.txt,37.80491,-122.419,1212777940
new_oknscocy.txt,37.80431,-122.42363,1212777872
new_oknscocy.txt,37.80382,-122.42668,1212777812
new_oknscocy.txt,37.80161,-122.42982,1212777754
new_oknscocy.txt,37.80031,-122.43441,1212777699
new_oknscocy.txt,37.79952,-122.43437,1212777631
new_oknscocy.txt,37.79945,-122.43435,1212777624
new_oknscocy.txt,37.79906,-122.43485,1212777564
new_oknscocy.txt,37.80054,-122.4362,1212777504
new_oknscocy.txt,37.8027,-122.43643,1212777444
new_oknscocy.txt,37.80332,-122.43186,1212777384
new_oknscocy.txt,37.80332,-122.43185,1212777382
new_oknscocy.txt,37.80258,-122.43153,1212777341
new_oknscocy.txt,37.80196,-122.42728,1212777280
new_oknscocy.txt,37.79843,-122.42566,1212777220
new_oknscocy.txt,37.7967,-122.42338,1212777160
new_oknscocy.txt,37.79668,-122.42194,1212777100
new_oknscocy.txt,37.79617,-122.42001,1212777040
new_oknscocy.txt,37.79753,-122.40948,1212776980
new_oknscocy.txt,37.79787,-122.40673,1212776920
new_oknscocy.txt,37.79664,-122.40526,1212776863
new_oknscocy.txt,37.79581,-122.40508,1212776800
new_oknscocy.txt,37.79228,-122.40391,1212776745
new_oknscocy.txt,37.79244,-122.40152,1212776680
new_oknscocy.txt,37.78704,-122.40299,1212776619
new_oknscocy.txt,37.78638,-122.40181,1212776518
new_oknscocy.txt,37.78638,-122.40181,1212776499
new_oknscocy.txt,37.78702,-122.39879,1212776438
new_oknscocy.txt,37.78566,-122.39727,1212776378
new_oknscocy.txt,37.78574,-122.39723,1212776361
new_oknscocy.txt,37.78554,-122.3973,1212776300
new_oknscocy.txt,37.78551,-122.39744,1212776240
new_oknscocy.txt,37.78562,-122.39728,1212776180
new_oknscocy.txt,37.78559,-122.39724,1212776139
new_oknscocy.txt,37.78563,-122.39706,1212776082
new_oknscocy.txt,37.78563,-122.39706,1212776060
new_oknscocy.txt,37.78561,-122.39708,1212776000
new_oknscocy.txt,37.78565,-122.39703,1212775957
new_oknscocy.txt,37.78524,-122.3966,1212775880
new_oknscocy.txt,37.78199,-122.39497,1212775819
new_oknscocy.txt,37.78006,-122.39728,1212775762
new_oknscocy.txt,37.78008,-122.3973,1212775699
new_oknscocy.txt,37.78012,-122.3973,1212775639
new_oknscocy.txt,37.78011,-122.39731,1212775618
new_oknscocy.txt,37.78007,-122.39736,1212775602
new_oknscocy.txt,37.77563,-122.40511,1212775545
new_oknscocy.txt,37.76944,-122.41193,1212775481
new_oknscocy.txt,37.77284,-122.42376,1212775427
new_oknscocy.txt,37.77455,-122.42564,1212775368
new_oknscocy.txt,37.77395,-122.43078,1212775307
new_oknscocy.txt,37.77304,-122.43794,1212775241
new_oknscocy.txt,37.77213,-122.44524,1212775204
new_ogofvoit.txt,37.79446,-122.43317,1212778791
new_ogofvoit.txt,37.79473,-122.42982,1212778729
new_ogofvoit.txt,37.79473,-122.42982,1212778727
new_ogofvoit.txt,37.79499,-122.42771,1212778694
new_ogofvoit.txt,37.79134,-122.42413,1212778644
new_ogofvoit.txt,37.78778,-122.42366,1212778573
new_ogofvoit.txt,37.78738,-122.42257,1212778517
new_ogofvoit.txt,37.78822,-122.41627,1212778452
new_ogofvoit.txt,37.78874,-122.41094,1212778393
new_ogofvoit.txt,37.78875,-122.41094,1212778386
new_ogofvoit.txt,37.78604,-122.40877,1212778325
new_ogofvoit.txt,37.78604,-122.40877,1212778323
new_ogofvoit.txt,37.78947,-122.40723,1212778267
new_ogofvoit.txt,37.78924,-122.40355,1212778208
new_ogofvoit.txt,37.78711,-122.4034,1212778162
new_ogofvoit.txt,37.78711,-122.4034,1212778147
new_ogofvoit.txt,37.78655,-122.40238,1212778086
new_ogofvoit.txt,37.78575,-122.40136,1212778026
new_ogofvoit.txt,37.78205,-122.39669,1212777965
new_ogofvoit.txt,37.77779,-122.39199,1212777905
new_ogofvoit.txt,37.77596,-122.3943,1212777844
new_ogofvoit.txt,37.7742,-122.39654,1212777784
new_ogofvoit.txt,37.76885,-122.39717,1212777722
new_ogofvoit.txt,37.75623,-122.39217,1212777662
new_ogofvoit.txt,37.74302,-122.39689,1212777601
new_ogofvoit.txt,37.73051,-122.40364,1212777541
new_ogofvoit.txt,37.7174,-122.39907,1212777495
new_ogofvoit.txt,37.70444,-122.39401,1212777439
new_ogofvoit.txt,37.69115,-122.39102,1212777393
new_ogofvoit.txt,37.67755,-122.38833,1212777343
new_ogofvoit.txt,37.66572,-122.39659,1212777301
new_ogofvoit.txt,37.65499,-122.40684,1212777250
new_ogofvoit.txt,37.64128,-122.40578,1212777203
new_ogofvoit.txt,37.62806,-122.40176,1212777147
new_ogofvoit.txt,37.61505,-122.3967,1212777081
new_ogofvoit.txt,37.6154,-122.39029,1212777021
new_ogofvoit.txt,37.61537,-122.39029,1212776991
new_ogofvoit.txt,37.61425,-122.39486,1212776931
new_ogofvoit.txt,37.61745,-122.3869,1212776881
new_ogofvoit.txt,37.61502,-122.38664,1212776810
new_ogofvoit.txt,37.61641,-122.38834,1212776592
new_ogofvoit.txt,37.61322,-122.39536,1212776512
new_ogofvoit.txt,37.60516,-122.38412,1212776452
new_ogofvoit.txt,37.59671,-122.37131,1212776397
new_ogofvoit.txt,37.58835,-122.358,1212776350
new_ogofvoit.txt,37.587,-122.34169,1212776306
new_ogofvoit.txt,37.582,-122.32606,1212776252
new_ogofvoit.txt,37.57195,-122.31513,1212776205
new_ogofvoit.txt,37.56199,-122.30427,1212776145
new_ogofvoit.txt,37.55264,-122.29385,1212776090
new_ogofvoit.txt,37.55267,-122.30537,1212776025
new_ogofvoit.txt,37.55434,-122.30596,1212775965
new_ogofvoit.txt,37.55513,-122.30199,1212775905
new_ogofvoit.txt,37.55662,-122.30064,1212775845
new_ogofvoit.txt,37.55663,-122.30065,1212775843
new_ogofvoit.txt,37.55659,-122.30065,1212775809
new_ogofvoit.txt,37.55528,-122.29948,1212775763
new_ogofvoit.txt,37.55367,-122.30687,1212775702
new_ogofvoit.txt,37.55666,-122.29984,1212775642
new_ogofvoit.txt,37.56727,-122.31032,1212775586
new_ogofvoit.txt,37.57662,-122.32036,1212775533
new_ogofvoit.txt,37.5838,-122.32815,1212775472
new_ogofvoit.txt,37.58666,-122.33644,1212775411
new_ogofvoit.txt,37.58707,-122.35133,1212775353
new_ogofvoit.txt,37.59313,-122.36612,1212775300
new_ogofvoit.txt,37.60181,-122.37933,1212775255
new_ogofvoit.txt,37.6102,-122.39262,1212775209
new_efgoaku.txt,37.78285,-122.39988,1212778782
new_efgoaku.txt,37.78212,-122.40107,1212778720
new_efgoaku.txt,37.7846,-122.40461,1212778670
new_efgoaku.txt,37.78572,-122.40633,1212778596
new_efgoaku.txt,37.78648,-122.40662,1212778540
new_efgoaku.txt,37.78761,-122.40676,1212778471
new_efgoaku.txt,37.78756,-122.40915,1212778412
new_efgoaku.txt,37.78763,-122.41157,1212778350
new_efgoaku.txt,37.78819,-122.41346,1212778297
new_efgoaku.txt,37.78911,-122.41659,1212778231
new_efgoaku.txt,37.78903,-122.41659,1212778172
new_efgoaku.txt,37.78902,-122.41724,1212778116
new_efgoaku.txt,37.7883,-122.42189,1212778050
new_efgoaku.txt,37.78567,-122.42119,1212777991
new_efgoaku.txt,37.78589,-122.41904,1212777956
new_efgoaku.txt,37.78594,-122.41888,1212777944
new_efgoaku.txt,37.78666,-122.41279,1212777876
new_efgoaku.txt,37.7879,-122.41013,1212777815
new_efgoaku.txt,37.78856,-122.40502,1212777749
new_efgoaku.txt,37.78922,-122.40074,1212777699
new_efgoaku.txt,37.7905,-122.39978,1212777634
new_efgoaku.txt,37.7923,-122.39712,1212777569
new_efgoaku.txt,37.79106,-122.39639,1212777508
new_efgoaku.txt,37.79374,-122.39553,1212777451
new_efgoaku.txt,37.79605,-122.39641,1212777388
new_efgoaku.txt,37.79237,-122.39808,1212777328
new_efgoaku.txt,37.79294,-122.39951,1212777277
new_efgoaku.txt,37.79593,-122.4005,1212777208
new_efgoaku.txt,37.79657,-122.40097,1212777174
new_efgoaku.txt,37.79628,-122.40435,1212777114
new_efgoaku.txt,37.79628,-122.40435,1212777113
new_efgoaku.txt,37.79449,-122.4048,1212777055
new_efgoaku.txt,37.79197,-122.40408,1212777000
new_efgoaku.txt,37.79052,-122.4041,1212776954
new_efgoaku.txt,37.79052,-122.4041,1212776933
new_efgoaku.txt,37.79037,-122.40733,1212776878
new_efgoaku.txt,37.78946,-122.41413,1212776820
new_efgoaku.txt,37.78943,-122.4145,1212776811
new_efgoaku.txt,37.78905,-122.41741,1212776770
new_efgoaku.txt,37.78795,-122.41845,1212776725
new_efgoaku.txt,37.78856,-122.41288,1212776649
new_efgoaku.txt,37.7893,-122.4073,1212776594
new_efgoaku.txt,37.78952,-122.4053,1212776529
new_efgoaku.txt,37.79034,-122.40104,1212776468
new_efgoaku.txt,37.79196,-122.39763,1212776408
new_efgoaku.txt,37.79073,-122.3974,1212776355
new_efgoaku.txt,37.79049,-122.39784,1212776307
new_efgoaku.txt,37.78776,-122.3997,1212776248
new_efgoaku.txt,37.78601,-122.39748,1212776186
new_efgoaku.txt,37.78356,-122.39424,1212776126
new_efgoaku.txt,37.7817,-122.39195,1212776068
new_efgoaku.txt,37.77839,-122.39317,1212776005
new_efgoaku.txt,37.77694,-122.39507,1212775946
new_efgoaku.txt,37.77519,-122.39734,1212775885
new_efgoaku.txt,37.77136,-122.40215,1212775842
new_efgoaku.txt,37.77081,-122.40479,1212775768
new_efgoaku.txt,37.77216,-122.40673,1212775712
new_efgoaku.txt,37.77215,-122.40673,1212775703
new_efgoaku.txt,37.77253,-122.40714,1212775679
new_efgoaku.txt,37.77448,-122.40944,1212775618
new_efgoaku.txt,37.77623,-122.41158,1212775559
new_efgoaku.txt,37.77955,-122.40742,1212775497
new_efgoaku.txt,37.78199,-122.41002,1212775437
new_efgoaku.txt,37.78198,-122.41226,1212775376
new_efgoaku.txt,37.78334,-122.41267,1212775316
new_efgoaku.txt,37.78705,-122.41381,1212775256
new_efgoaku.txt,37.78706,-122.41378,1212775246
new_ijhipvo.txt,37.78921,-122.40754,1212778789
new_ijhipvo.txt,37.78926,-122.40754,1212778753
new_ijhipvo.txt,37.78926,-122.40754,1212778751
new_ijhipvo.txt,37.78933,-122.40689,1212778714
new_ijhipvo.txt,37.79005,-122.4085,1212778655
new_ijhipvo.txt,37.78941,-122.41395,1212778593
new_ijhipvo.txt,37.78982,-122.41716,1212778533
new_ijhipvo.txt,37.79192,-122.41738,1212778473
new_ijhipvo.txt,37.79462,-122.41811,1212778412
new_ijhipvo.txt,37.79446,-122.41813,1212778350
new_ijhipvo.txt,37.79466,-122.41822,1212778292
new_ijhipvo.txt,37.79433,-122.41816,1212778084
new_ijhipvo.txt,37.79188,-122.41772,1212778051
new_ijhipvo.txt,37.79376,-122.41467,1212777991
new_ijhipvo.txt,37.79376,-122.41634,1212777957
new_ijhipvo.txt,37.79365,-122.41622,1212777928
new_ijhipvo.txt,37.79365,-122.41614,1212777927
new_ijhipvo.txt,37.79228,-122.41596,1212777872
new_ijhipvo.txt,37.7914,-122.41423,1212777812
new_ijhipvo.txt,37.79204,-122.40892,1212777754
new_ijhipvo.txt,37.79222,-122.40473,1212777701
new_ijhipvo.txt,37.79294,-122.40241,1212777680
new_ijhipvo.txt,37.79246,-122.39897,1212777625
new_ijhipvo.txt,37.79348,-122.39741,1212777559
new_ijhipvo.txt,37.79214,-122.39579,1212777499
new_ijhipvo.txt,37.78883,-122.39261,1212777441
new_ijhipvo.txt,37.78767,-122.39403,1212777384
new_ijhipvo.txt,37.78539,-122.39671,1212777319
new_ijhipvo.txt,37.78414,-122.39488,1212777259
new_ijhipvo.txt,37.78116,-122.39597,1212777204
new_ijhipvo.txt,37.77913,-122.40201,1212777139
new_ijhipvo.txt,37.78042,-122.40367,1212777079
new_ijhipvo.txt,37.78041,-122.40372,1212777024
new_ijhipvo.txt,37.78038,-122.40372,1212777015
new_ijhipvo.txt,37.78105,-122.40452,1212776987
new_ijhipvo.txt,37.78432,-122.40836,1212776929
new_ijhipvo.txt,37.7846,-122.40977,1212776871
new_ijhipvo.txt,37.78726,-122.40985,1212776811
new_ijhipvo.txt,37.78907,-122.4104,1212776752
new_ijhipvo.txt,37.78957,-122.41367,1212776686
new_ijhipvo.txt,37.78915,-122.416,1212776624
new_ijhipvo.txt,37.78862,-122.42092,1212776564
new_ijhipvo.txt,37.78802,-122.42529,1212776507
new_ijhipvo.txt,37.78777,-122.4272,1212776447
new_ijhipvo.txt,37.78678,-122.4354,1212776387
new_ijhipvo.txt,37.78592,-122.44215,1212776323
new_ijhipvo.txt,37.78698,-122.441,1212776274
new_ijhipvo.txt,37.78826,-122.43882,1212776210
new_ijhipvo.txt,37.78812,-122.43946,1212776183
new_ijhipvo.txt,37.78551,-122.43981,1212776123
new_ijhipvo.txt,37.78433,-122.43956,1212776073
new_ijhipvo.txt,37.78451,-122.4376,1212776017
new_ijhipvo.txt,37.78451,-122.4376,1212776002
new_ijhipvo.txt,37.78451,-122.43761,1212775991
new_ijhipvo.txt,37.78466,-122.43723,1212775936
new_ijhipvo.txt,37.78399,-122.44208,1212775871
new_ijhipvo.txt,37.78362,-122.44491,1212775811
new_ijhipvo.txt,37.78225,-122.44781,1212775751
new_ijhipvo.txt,37.78137,-122.45536,1212775691
new_ijhipvo.txt,37.78104,-122.46196,1212775636
new_ijhipvo.txt,37.78088,-122.46587,1212775575
new_ijhipvo.txt,37.78077,-122.47069,1212775520
new_ijhipvo.txt,37.78264,-122.47122,1212775450
new_ijhipvo.txt,37.78265,-122.47121,1212775430
new_ijhipvo.txt,37.78249,-122.47081,1212775370
new_ijhipvo.txt,37.77887,-122.46937,1212775310
new_ijhipvo.txt,37.77906,-122.46556,1212775250
new_ockolral.txt,37.71082,-122.41205,1212778756
new_ockolral.txt,37.7108,-122.41208,1212778695
new_ockolral.txt,37.71078,-122.41208,1212778684
new_ockolral.txt,37.71078,-122.41208,1212778682
new_ockolral.txt,37.71013,-122.40956,1212778636
new_ockolral.txt,37.71067,-122.40627,1212778576
new_ockolral.txt,37.71364,-122.40027,1212778516
new_ockolral.txt,37.72663,-122.40248,1212778461
new_ockolral.txt,37.73179,-122.41733,1212778396
new_ockolral.txt,37.73157,-122.43378,1212778349
new_ockolral.txt,37.72375,-122.44735,1212778299
new_ockolral.txt,37.7111,-122.45473,1212778247
new_ockolral.txt,37.71185,-122.46408,1212778186
new_ockolral.txt,37.7128,-122.47145,1212778126
new_ockolral.txt,37.71765,-122.47266,1212778065
new_ockolral.txt,37.72089,-122.4725,1212778005
new_ockolral.txt,37.72022,-122.47451,1212777944
new_ockolral.txt,37.72028,-122.47445,1212777884
new_ockolral.txt,37.72119,-122.47417,1212777843
new_ockolral.txt,37.72022,-122.47536,1212777818
new_ockolral.txt,37.72188,-122.47534,1212777758
new_ockolral.txt,37.72749,-122.47499,1212777698
new_ockolral.txt,37.7285,-122.47492,1212777672
new_ockolral.txt,37.72955,-122.47487,1212777649
new_ockolral.txt,37.73372,-122.47509,1212777589
new_ockolral.txt,37.73853,-122.47543,1212777529
new_ockolral.txt,37.74003,-122.47554,1212777506
new_ockolral.txt,37.74111,-122.47622,1212777445
new_ockolral.txt,37.74098,-122.47932,1212777418
new_ockolral.txt,37.74071,-122.48549,1212777359
new_ockolral.txt,37.74052,-122.49106,1212777304
new_ockolral.txt,37.74031,-122.49438,1212777240
new_ockolral.txt,37.74029,-122.49454,1212777213
new_ockolral.txt,37.74046,-122.49488,1212777153
new_ockolral.txt,37.74762,-122.49494,1212777099
new_ockolral.txt,37.75392,-122.49536,1212777032
new_ockolral.txt,37.76272,-122.49596,1212776972
new_ockolral.txt,37.76296,-122.49601,1212776949
new_ockolral.txt,37.76474,-122.49295,1212776887
new_ockolral.txt,37.76518,-122.4827,1212776832
new_ockolral.txt,37.76596,-122.46589,1212776742
new_ockolral.txt,37.76644,-122.45995,1212776696
new_ockolral.txt,37.77283,-122.44678,1212776563
new_ockolral.txt,37.77658,-122.44665,1212776509
new_ockolral.txt,37.78133,-122.44765,1212776453
new_ockolral.txt,37.78338,-122.44725,1212776387
new_ockolral.txt,37.78678,-122.44228,1212776328
new_ockolral.txt,37.7879,-122.43378,1212776261
new_ockolral.txt,37.78822,-122.4318,1212776227
new_ockolral.txt,37.79122,-122.43095,1212776149
new_ockolral.txt,37.79117,-122.43086,1212776076
new_ockolral.txt,37.79035,-122.43062,1212776042
new_ockolral.txt,37.7885,-122.42973,1212775986
new_ockolral.txt,37.78744,-122.42836,1212775925
new_ockolral.txt,37.78528,-122.43196,1212775845
new_ockolral.txt,37.78476,-122.4303,1212775789
new_ockolral.txt,37.78521,-122.42697,1212775731
new_ockolral.txt,37.78572,-122.42121,1212775655
new_ockolral.txt,37.78589,-122.41946,1212775605
new_ockolral.txt,37.7867,-122.41291,1212775535
new_ockolral.txt,37.78761,-122.40842,1212775475
new_ockolral.txt,37.78811,-122.40848,1212775473
new_ockolral.txt,37.78812,-122.40849,1212775454
new_ockolral.txt,37.78787,-122.4117,1212775414
new_ockolral.txt,37.78718,-122.41697,1212775355
new_ockolral.txt,37.78675,-122.42023,1212775294
new_ockolral.txt,37.78631,-122.42392,1212775243
new_inckkiv.txt,37.764,-122.49341,1212778789
new_inckkiv.txt,37.7639,-122.49338,1212778730
new_inckkiv.txt,37.7645,-122.49339,1212778665
new_inckkiv.txt,37.76511,-122.48551,1212778604
new_inckkiv.txt,37.7652,-122.4832,1212778577
new_inckkiv.txt,37.76521,-122.48303,1212778541
new_inckkiv.txt,37.7654,-122.4791,1212778519
new_inckkiv.txt,37.7656,-122.475,1212778465
new_inckkiv.txt,37.76365,-122.47169,1212778419
new_inckkiv.txt,37.7624,-122.47157,1212778403
new_inckkiv.txt,37.75997,-122.47354,1212778316
new_inckkiv.txt,37.75893,-122.47672,1212778253
new_inckkiv.txt,37.74724,-122.47589,1212778132
new_inckkiv.txt,37.74327,-122.47561,1212778072
new_inckkiv.txt,37.73635,-122.47516,1212778012
new_inckkiv.txt,37.73107,-122.47512,1212777951
new_inckkiv.txt,37.73085,-122.47586,1212777921
new_inckkiv.txt,37.73,-122.47836,1212777861
new_inckkiv.txt,37.72843,-122.48001,1212777801
new_inckkiv.txt,37.72742,-122.48015,1212777741
new_inckkiv.txt,37.7274,-122.48009,1212777739
new_inckkiv.txt,37.7274,-122.48009,1212777712
new_inckkiv.txt,37.72741,-122.48012,1212777668
new_inckkiv.txt,37.72745,-122.48008,1212777592
new_inckkiv.txt,37.72741,-122.48015,1212777532
new_inckkiv.txt,37.72791,-122.47932,1212777485
new_inckkiv.txt,37.72701,-122.4758,1212777417
new_inckkiv.txt,37.72957,-122.47491,1212777367
new_inckkiv.txt,37.73334,-122.47507,1212777296
new_inckkiv.txt,37.73934,-122.47545,1212777232
new_inckkiv.txt,37.7427,-122.47569,1212777170
new_inckkiv.txt,37.74876,-122.4761,1212777110
new_inckkiv.txt,37.75458,-122.47652,1212777060
new_inckkiv.txt,37.75835,-122.47678,1212776990
new_inckkiv.txt,37.76524,-122.4773,1212776929
new_inckkiv.txt,37.77237,-122.47798,1212776869
new_inckkiv.txt,37.7751,-122.47193,1212776809
new_inckkiv.txt,37.77875,-122.47197,1212776748
new_inckkiv.txt,37.77888,-122.47063,1212776688
new_inckkiv.txt,37.78085,-122.46931,1212776627
new_inckkiv.txt,37.78114,-122.46306,1212776567
new_inckkiv.txt,37.78135,-122.45838,1212776509
new_inckkiv.txt,37.78165,-122.455,1212776460
new_inckkiv.txt,37.78165,-122.455,1212776446
new_inckkiv.txt,37.78164,-122.45496,1212776430
new_inckkiv.txt,37.78162,-122.45497,1212776378
new_inckkiv.txt,37.78162,-122.45498,1212776310
new_inckkiv.txt,37.7816,-122.45501,1212776253
new_inckkiv.txt,37.7817,-122.45319,1212776189
new_inckkiv.txt,37.78117,-122.4602,1212776127
new_inckkiv.txt,37.78107,-122.46257,1212776082
new_inckkiv.txt,37.77927,-122.46134,1212776011
new_inckkiv.txt,37.77933,-122.46027,1212775988
new_inckkiv.txt,37.78015,-122.45889,1212775959
new_inckkiv.txt,37.78063,-122.45889,1212775958
new_inckkiv.txt,37.78063,-122.45888,1212775910
new_inckkiv.txt,37.78104,-122.46026,1212775850
new_inckkiv.txt,37.78142,-122.45779,1212775790
new_inckkiv.txt,37.78219,-122.45052,1212775730
new_inckkiv.txt,37.78339,-122.44731,1212775670
new_inckkiv.txt,37.78682,-122.44229,1212775610
new_inckkiv.txt,37.78788,-122.43384,1212775559
new_inckkiv.txt,37.78873,-122.42685,1212775490
new_inckkiv.txt,37.78933,-122.42298,1212775430
new_inckkiv.txt,37.79022,-122.41643,1212775370
new_inckkiv.txt,37.79105,-122.40998,1212775310
new_inckkiv.txt,37.7915,-122.40575,1212775266
